0.477284 -0.878556 0.0184031 0.681433 0.878745 0.477243 -0.00686302 0.552625 -0.00275319 0.0194472 0.999807 0
0.475761 -0.879425 0.0162489 1.11113 0.879573 0.475711 -0.00706539 1.39265 -0.00151627 0.0176535 0.999843 0
0.474474 -0.880139 0.0151603 1.51337 0.880269 0.474426 -0.00684169 2.15178 -0.00117079 0.0165913 0.999862 0
0.473649 -0.880563 0.0162951 1.94549 0.880712 0.473604 -0.00673708 2.91793 -0.00178501 0.0175423 0.999845 0
0.472116 -0.881364 0.017409 2.37435 0.881532 0.472086 -0.00606769 3.71612 -0.00287072 0.0182113 0.99983 0
0.470976 -0.881967 0.0177876 2.79662 0.882138 0.470961 -0.00524893 4.53121 -0.00374789 0.0181632 0.999828 0
0.46957 -0.882715 0.0178652 3.21829 0.88289 0.46954 -0.00612058 5.35141 -0.00298569 0.0186471 0.999822 0
0.468148 -0.883468 0.0179458 3.64094 0.883647 0.468099 -0.00710083 6.15054 -0.00212707 0.019182 0.999814 0
0.467068 -0.884031 0.0183311 4.08195 0.884217 0.467026 -0.00678885 6.95741 -0.00255956 0.0193796 0.999809 0
0.466839 -0.884156 0.0181831 4.51563 0.884328 0.466848 -0.00396846 7.77953 -0.00498001 0.0179324 0.999827 0
0.467736 -0.883675 0.0184847 4.95234 0.883822 0.467823 0.000439437 8.62099 -0.00903587 0.0161316 0.999829 0
0.46915 -0.882896 0.0198328 5.37796 0.883028 0.469305 0.00375888 9.45074 -0.0126263 0.0157494 0.999796 0
0.470812 -0.881964 0.0218256 5.79807 0.882115 0.47101 0.00476674 10.2896 -0.0144842 0.0170085 0.99975 0
0.472854 -0.880863 0.0221272 6.23371 0.881044 0.473025 0.00295384 11.1357 -0.0130686 0.0180983 0.999751 0
0.47399 -0.88032 0.0192683 6.68937 0.880495 0.474052 -0.00146799 11.9837 -0.00784187 0.0176614 0.999813 0
0.474818 -0.879944 0.0156803 7.15127 0.880079 0.4748 -0.00507276 12.8359 -0.00298126 0.0162085 0.999864 0
0.475374 -0.879682 0.0134049 7.63404 0.879781 0.475355 -0.00476851 13.6907 -0.00217733 0.0140602 0.999899 0
0.475294 -0.879695 0.0152149 8.06272 0.879793 0.475356 0.00047976 14.5225 -0.00765452 0.0131579 0.999884 0
0.474278 -0.880117 0.0213389 8.51963 0.880279 0.474444 0.00324257 15.4009 -0.0129779 0.0172463 0.999767 0
0.473205 -0.880356 0.0323974 9.00241 0.880852 0.473385 -0.0023557 16.2606 -0.0132626 0.0296521 0.999472 0
0.472239 -0.880641 0.0382466 9.47835 0.881408 0.472276 -0.00862873 17.137 -0.0104641 0.0377857 0.999231 0
0.471125 -0.881315 0.0364175 9.95049 0.882043 0.471013 -0.0121267 18.0157 -0.00646569 0.037835 0.999263 0
0.469663 -0.882352 0.0295158 10.4072 0.882838 0.469537 -0.0114949 18.8851 -0.0037162 0.0314564 0.999498 0
0.468258 -0.883252 0.0244933 10.8721 0.883583 0.468194 -0.00864179 19.7521 -0.00383475 0.0256885 0.999663 0
0.467483 -0.883667 0.0243489 11.3514 0.883977 0.4675 -0.00535557 20.6475 -0.00665057 0.0240275 0.999689 0
0.466318 -0.884299 0.0237356 11.8142 0.884568 0.466406 -0.00198304 21.5389 -0.00931683 0.0219205 0.999716 0
0.465395 -0.884752 0.0249306 12.2671 0.885024 0.465546 0.000266546 22.4482 -0.0118422 0.0219401 0.999689 0
0.465072 -0.884898 0.0257781 12.7385 0.88515 0.465296 0.00312636 23.3526 -0.0147609 0.0213635 0.999663 0
0.464463 -0.885219 0.0257204 13.199 0.88542 0.464749 0.00620705 24.2566 -0.0174481 0.0198904 0.99965 0
0.464709 -0.885087 0.0257969 13.6713 0.885279 0.465009 0.00682889 25.1609 -0.01804 0.0196641 0.999644 0
0.464995 -0.884894 0.0272364 14.1463 0.885159 0.465268 0.00432413 26.0517 -0.0164986 0.0220978 0.99962 0
0.465031 -0.884907 0.0261897 14.5844 0.885186 0.465233 0.00186905 26.9244 -0.0138383 0.0223136 0.999655 0
0.464604 -0.885218 0.0230688 15.0436 0.885426 0.464775 0.00240252 27.8056 -0.0128485 0.0193095 0.999731 0
0.46364 -0.885677 0.0247721 15.4956 0.88592 0.463833 0.00235332 28.6864 -0.0135744 0.020855 0.99969 0
0.462664 -0.886104 0.0276135 15.9494 0.88641 0.462895 0.00225749 29.5794 -0.0147825 0.0234324 0.999616 0
0.462086 -0.886339 0.0296682 16.4175 0.88672 0.462307 0.000668784 30.4822 -0.0143086 0.0259984 0.99956 0
0.461792 -0.88668 0.0233867 16.8633 0.886937 0.461887 -0.00150002 31.3611 -0.00947197 0.0214352 0.999725 0
0.46173 -0.88686 0.0168808 17.3128 0.886998 0.46177 -0.00168438 32.2191 -0.00630122 0.0157509 0.999856 0
0.461274 -0.887132 0.0149617 17.7649 0.887235 0.461318 -0.000586629 33.0843 -0.00638169 0.0135452 0.999888 0
0.461031 -0.887155 0.0201546 18.2175 0.887325 0.461144 0.0011083 33.9447 -0.0102774 0.0173727 0.999796 0
0.461061 -0.887002 0.0255109 18.6515 0.887264 0.461258 0.00207944 34.8275 -0.0136115 0.0216761 0.999672 0
0.460932 -0.886991 0.0280736 19.0928 0.887318 0.461154 0.00163438 35.6919 -0.014396 0.0241569 0.999605 0
0.460517 -0.887184 0.0287865 19.5544 0.887557 0.460697 -0.000410905 36.5182 -0.0128973 0.0257389 0.999586 0
0.459632 -0.88766 0.0282323 20.0024 0.888026 0.459791 -0.00095699 37.3939 -0.0121315 0.0255109 0.999601 0
0.458843 -0.888036 0.0292343 20.447 0.888411 0.459048 0.000328743 38.2629 -0.0137119 0.0258213 0.999573 0
0.457968 -0.888404 0.0316857 20.892 0.88879 0.4583 0.00373846 39.1168 -0.0178428 0.0264498 0.999491 0
0.45759 -0.888478 0.0349108 21.3269 0.888888 0.458072 0.00689438 39.9738 -0.0221172 0.027877 0.999367 0
0.456938 -0.888745 0.0366168 21.7412 0.889254 0.45739 0.00463275 40.8 -0.0208655 0.0304448 0.999319 0
0.455475 -0.889623 0.0333759 22.1433 0.890133 0.455699 -0.000994256 41.6215 -0.0143249 0.0301619 0.999442 0
0.454838 -0.890155 0.0273095 22.5672 0.890539 0.454879 -0.00505063 42.4507 -0.00792669 0.0266174 0.999614 0
0.453906 -0.890812 0.0205689 22.9918 0.891033 0.453916 -0.00445654 43.2987 -0.00536662 0.0203505 0.999779 0
0.453256 -0.891238 0.0159409 23.4129 0.891355 0.453304 -0.00064506 44.151 -0.00665116 0.0145014 0.999873 0
0.452029 -0.891803 0.0189333 23.8055 0.891942 0.452145 0.0021332 44.9123 -0.010463 0.0159231 0.999819 0
0.450701 -0.892455 0.0198159 24.1885 0.892597 0.450844 0.00320311 45.6791 -0.0117925 0.016244 0.999799 0
0.449491 -0.893087 0.0187978 24.5716 0.893204 0.449634 0.00394841 46.4548 -0.0119784 0.0150155 0.999816 0
0.448242 -0.893721 0.0185074 24.9546 0.893835 0.448379 0.00388209 47.2215 -0.0117678 0.0148024 0.999821 0
0.446884 -0.894391 0.0189604 25.3146 0.894517 0.447021 0.00346029 47.9757 -0.0115705 0.015414 0.999814 0
0.445762 -0.894948 0.0190698 25.68 0.895071 0.445906 0.0038966 48.7002 -0.0119906 0.0153319 0.999811 0
0.44462 -0.895538 0.0180068 26.022 0.895612 0.444788 0.00654008 49.4322 -0.0138661 0.0132192 0.999816 0
0.443308 -0.896217 0.0165492 26.3685 0.896206 0.443504 0.0108649 50.1526 -0.017077 0.010015 0.999804 0
0.441732 -0.897019 0.0151254 26.7166 0.896929 0.441934 0.014572 50.858 -0.0197558 0.00712954 0.999779 0
0.440599 -0.897578 0.0150109 27.0505 0.897512 0.440789 0.0132907 51.5578 -0.0185461 0.00761657 0.999799 0
0.439669 -0.898017 0.0160284 27.3451 0.898085 0.439792 0.00505724 52.192 -0.0115907 0.0121713 0.999859 0
0.438526 -0.898594 0.0149914 27.6532 0.898706 0.438547 -0.00201049 52.8352 -0.00476781 0.0143545 0.999886 0
0.438152 -0.898841 0.010432 27.9506 0.8989 0.438138 -0.00371196 53.4692 -0.00123417 0.0110037 0.999939 0
0.437605 -0.899145 0.0063467 28.2629 0.899159 0.43762 0.00114871 54.1074 -0.0038103 0.005204 0.999979 0
0.436574 -0.899648 0.0061117 28.5473 0.89964 0.436605 0.00498346 54.7302 -0.00715175 0.00332267 0.999969 0
0.435416 -0.900177 0.00971532 28.8395 0.900205 0.435458 0.0027197 55.3139 -0.00667883 0.00756157 0.999949 0
0.435608 -0.900021 0.0144243 29.107 0.900133 0.435594 -0.00431511 55.8539 -0.00239945 0.0148635 0.999887 0
0.436447 -0.899563 0.017348 29.3638 0.899726 0.436307 -0.0113661 56.3853 0.00265548 0.0205691 0.999785 0
0.438826 -0.898433 0.0158249 29.6169 0.898558 0.438655 -0.0131998 56.9227 0.00491746 0.020012 0.999788 0
0.442698 -0.896603 0.011005 29.8698 0.896668 0.442633 -0.00796535 57.4466 0.00227058 0.0133941 0.999908 0
0.446893 -0.894543 0.00891174 30.1308 0.894587 0.446882 -0.00328259 57.9539 -0.00104608 0.00943929 0.999955 0
0.451712 -0.89208 0.0122495 30.3907 0.892146 0.451747 9.60036e-05 58.4327 -0.00561933 0.010885 0.999925 0
0.458278 -0.888636 0.0175598 30.6345 0.888756 0.458377 0.00188119 58.921 -0.0097207 0.0147443 0.999844 0
0.467215 -0.88389 0.0212061 30.8574 0.88406 0.467366 0.00254516 59.4084 -0.0121606 0.0175583 0.999772 0
0.480517 -0.876789 0.0185642 31.1211 0.876908 0.480648 0.00307919 59.8634 -0.0116226 0.0147995 0.999823 0
0.496067 -0.868152 0.0151779 31.3615 0.868204 0.496183 0.00493658 60.3051 -0.0118167 0.0107286 0.999873 0
0.518131 -0.855156 0.0157936 31.6396 0.855189 0.518274 0.0066278 60.6572 -0.0138532 0.0100725 0.999853 0
0.542711 -0.839672 0.0204073 31.8719 0.839778 0.542905 0.00515389 61.0069 -0.0154068 0.0143405 0.999779 0
0.56846 -0.822385 0.0231636 32.1143 0.82252 0.568709 0.00552505 61.3572 -0.0177171 0.0159118 0.999716 0
0.595794 -0.802768 0.0243508 32.3592 0.802888 0.59609 0.00681038 61.7039 -0.0199824 0.0154934 0.99968 0
0.62541 -0.779928 0.0239805 32.623 0.78001 0.625718 0.00787187 62.0464 -0.0211445 0.0137819 0.999681 0
0.657744 -0.75287 0.0236593 32.9028 0.752918 0.658058 0.00863541 62.3758 -0.0220705 0.0121336 0.999683 0
0.694806 -0.718814 0.0234691 33.2263 0.718839 0.69512 0.00888842 62.6716 -0.022703 0.0106948 0.999685 0
0.731782 -0.681147 0.0231115 33.5494 0.681155 0.732087 0.0087403 62.9375 -0.022873 0.0093465 0.999695 0
0.768072 -0.639976 0.0222852 33.8766 0.639977 0.768352 0.00803737 63.1766 -0.0222666 0.00808876 0.999719 0
0.803885 -0.594395 0.0215149 34.2155 0.594394 0.804142 0.00714102 63.3821 -0.0215457 0.00704779 0.999743 0
0.838823 -0.543991 0.0212166 34.5535 0.54398 0.839071 0.00677016 63.5678 -0.0214851 0.00586244 0.999752 0
0.872176 -0.488745 0.0208951 34.8979 0.488731 0.872413 0.00612604 63.7357 -0.0212232 0.00486909 0.999763 0
0.902602 -0.430002 0.0202162 35.2496 0.430004 0.902816 0.00447945 63.8776 -0.0201777 0.00464989 0.999786 0
0.928717 -0.370246 0.0200656 35.6088 0.370267 0.928921 0.00278269 64.0042 -0.0196696 0.0048453 0.999795 0
0.950288 -0.310629 0.0214889 35.9873 0.310645 0.950522 0.00264847 64.1161 -0.0212483 0.0041586 0.999766 0
0.967823 -0.25052 0.0236305 36.3641 0.25049 0.96811 0.00424588 64.2194 -0.0239406 0.00180994 0.999712 0
0.981483 -0.1899 0.0250821 36.7386 0.189817 0.981803 0.00569134 64.2945 -0.0257065 -0.000824953 0.999669 0
0.991201 -0.129867 0.0256042 37.1293 0.129786 0.99153 0.00479205 64.3354 -0.0260096 -0.00142682 0.999661 0
0.997104 -0.0716807 0.0254162 37.5193 0.0716543 0.997428 0.00194626 64.3636 -0.0254904 -0.000119441 0.999675 0
0.999557 -0.0162397 0.0249574 37.8976 0.0162428 0.999868 7.68158e-05 64.3776 -0.0249553 0.000328596 0.999689 0
0.999003 0.0373574 0.0244348 38.2771 -0.0374113 0.999298 0.00175364 64.3771 -0.0243521 -0.00266603 0.9997 0
0.99581 0.0881607 0.0243088 38.6544 -0.0883072 0.996081 0.00501644 64.3565 -0.0237712 -0.00714206 0.999692 0
0.990886 0.132923 0.0218477 38.9919 -0.133005 0.991113 0.00232518 64.3034 -0.0213445 -0.00520985 0.999759 0
0.984392 0.174738 0.0209328 39.3986 -0.17468 0.984614 -0.00459332 64.1894 -0.0214133 0.000865097 0.99977 0
0.977042 0.211847 0.0225929 39.7789 -0.211705 0.977296 -0.00853216 64.1205 -0.0238875 0.00355323 0.999708 0
0.969149 0.245284 0.0242362 40.1249 -0.245141 0.969448 -0.00874737 64.0469 -0.0256413 0.00253622 0.999668 0
0.960882 0.275899 0.0241923 40.4775 -0.275871 0.961184 -0.0045464 63.9524 -0.0245076 -0.00230541 0.999697 0
0.952701 0.303167 0.0212377 40.8683 -0.303262 0.952906 0.00135315 63.8298 -0.0198273 -0.00772973 0.999774 0
0.944451 0.328164 0.0179316 41.2495 -0.328277 0.944574 0.00369602 63.7072 -0.0157248 -0.00937724 0.999832 0
0.936227 0.351118 0.0139927 41.648 -0.35118 0.936305 0.00218334 63.5763 -0.0123348 -0.00695806 0.9999 0
0.928242 0.371872 0.00884447 42.0576 -0.371878 0.928281 -0.00101518 63.4303 -0.00858766 -0.00234673 0.99996 0
0.921222 0.389031 0.00233463 42.4594 -0.389028 0.921224 -0.00155452 63.253 -0.00275547 0.000523825 0.999996 0
0.91405 0.4056 -0.00144353 42.8548 -0.4056 0.91405 -4.25649e-06 63.0444 0.00131773 0.000589387 0.999999 0
0.907367 0.42033 0.0028564 43.2779 -0.420336 0.907367 0.00174914 62.8263 -0.00185659 -0.00278776 0.999994 0
0.900922 0.433895 0.00866918 43.7099 -0.433932 0.90094 0.00298342 62.6204 -0.00651593 -0.00644966 0.999958 0
0.894848 0.446196 0.0124903 44.1485 -0.446265 0.894894 0.00336023 62.4011 -0.00967819 -0.0085809 0.999916 0
0.889186 0.45737 0.0127158 44.5956 -0.457419 0.889251 0.00108589 62.1613 -0.0108109 -0.006782 0.999919 0
0.884116 0.467157 0.010124 45.0675 -0.467162 0.884169 -0.00200555 61.8994 -0.00988825 -0.00295642 0.999947 0
0.880111 0.474715 0.00709754 45.534 -0.474682 0.880138 -0.00586369 61.6403 -0.00903039 0.00179163 0.999958 0
0.877123 0.480228 0.00604415 46.0046 -0.480185 0.877137 -0.00727519 61.3788 -0.00879529 0.00347893 0.999955 0
0.87467 0.484676 0.00652473 46.4918 -0.484643 0.874691 -0.00598375 61.1085 -0.0086073 0.00207164 0.999961 0
0.871734 0.48991 0.00818455 47.0027 -0.489916 0.871768 -0.00139939 60.8239 -0.0078206 -0.00278985 0.999966 0
0.869353 0.494108 0.00913565 47.5615 -0.494146 0.869376 0.00231116 60.5156 -0.00680035 -0.00652356 0.999956 0
0.867691 0.497027 0.00876829 48.1276 -0.497065 0.867709 0.00279572 60.2032 -0.00621877 -0.00678423 0.999958 0
0.866206 0.499615 0.00851244 48.6853 -0.499645 0.866228 0.00179033 59.8878 -0.00647924 -0.005804 0.999962 0
0.864885 0.501893 0.00886628 49.2473 -0.501919 0.864914 0.000915854 59.5672 -0.0072089 -0.00524226 0.99996 0
0.864055 0.503349 0.00703175 49.8128 -0.503338 0.864083 -0.00328286 59.2121 -0.00772843 -0.000702777 0.99997 0
0.864708 0.50224 0.00585574 50.4035 -0.50221 0.864725 -0.00590128 58.8663 -0.00802747 0.00216207 0.999965 0
0.866122 0.499828 0.00226983 51.0232 -0.499768 0.866074 -0.0121665 58.5008 -0.008047 0.00940329 0.999923 0
0.867943 0.496663 0.000905932 51.6528 -0.496598 0.867857 -0.0146592 58.1445 -0.00806692 0.0122735 0.999892 0
0.87021 0.49268 0.00113494 52.2907 -0.492625 0.870143 -0.0130975 57.7851 -0.00744045 0.0108385 0.999914 0
0.872636 0.488365 0.00257689 52.9586 -0.488297 0.872583 -0.0128347 57.4096 -0.00851657 0.00994176 0.999914 0
0.874435 0.485131 0.00341938 53.6376 -0.485043 0.874376 -0.014095 57.0334 -0.00982772 0.0106666 0.999895 0
0.876164 0.481988 0.00493549 54.3535 -0.4819 0.876134 -0.0127082 56.6635 -0.0104493 0.00875602 0.999907 0
0.878045 0.478535 0.00637316 55.0494 -0.478443 0.878037 -0.0119764 56.3051 -0.011327 0.0074666 0.999908 0
0.880054 0.474833 0.00625573 55.7458 -0.47473 0.880035 -0.0129986 55.9401 -0.0116774 0.0084697 0.999896 0
0.881895 0.471426 0.00439455 56.4417 -0.471324 0.881839 -0.014596 55.5576 -0.0107562 0.0108009 0.999884 0
0.882912 0.469526 0.00330459 57.1392 -0.469463 0.882876 -0.011573 55.1693 -0.00835138 0.00866658 0.999928 0
0.882533 0.470233 0.00400845 57.8869 -0.470226 0.882542 -0.00276386 54.7972 -0.00483728 0.000554321 0.999988 0
0.882102 0.471024 0.0056761 58.6519 -0.471048 0.882099 0.0038515 54.4313 -0.00319273 -0.00607113 0.999977 0
0.881983 0.471228 0.00711118 59.4056 -0.471272 0.881961 0.00690213 54.0529 -0.0030193 -0.00943886 0.999951 0
0.882251 0.470735 0.00650536 60.081 -0.470756 0.882261 0.00203238 53.6713 -0.00478271 -0.0048555 0.999977 0
0.882577 0.470087 0.00869602 60.7817 -0.470122 0.882597 0.00252534 53.3017 -0.00648796 -0.006317 0.999959 0
0.882666 0.469924 0.00846574 61.5103 -0.469956 0.882688 0.00209861 52.9196 -0.00648641 -0.00583089 0.999962 0
0.88262 0.470021 0.00786459 62.265 -0.470053 0.882634 0.00282001 52.5237 -0.00561609 -0.00618577 0.999965 0
0.882342 0.470544 0.00778937 63.0133 -0.470585 0.882342 0.00466689 52.1407 -0.00467691 -0.00778336 0.999959 0
0.881447 0.472197 0.00899511 63.7437 -0.472263 0.881424 0.0076796 51.7585 -0.00430222 -0.0110172 0.99993 0
0.879912 0.474989 0.0118746 64.4737 -0.475106 0.879864 0.0106758 51.3905 -0.00537715 -0.0150355 0.999873 0
0.876945 0.4803 0.0167491 65.1999 -0.480532 0.876851 0.014863 51.0155 -0.00754775 -0.0210825 0.999749 0
0.873944 0.485622 0.0198496 65.915 -0.485933 0.87385 0.0159695 50.6248 -0.00959042 -0.023602 0.999675 0
0.87079 0.491245 0.0200739 66.6232 -0.491531 0.870761 0.013112 50.2344 -0.0110384 -0.0212847 0.999713 0
0.866608 0.498653 0.0183418 67.3212 -0.498868 0.866623 0.00971344 49.8498 -0.0110518 -0.0175679 0.999785 0
0.861608 0.50728 0.0172758 68.0161 -0.507457 0.861641 0.00782828 49.4542 -0.0109144 -0.0155116 0.99982 0
0.856143 0.516413 0.0183546 68.7153 -0.516628 0.856155 0.00966617 49.0471 -0.0107227 -0.0177581 0.999785 0
0.850189 0.526079 0.0205138 69.3979 -0.526362 0.850174 0.0121303 48.6274 -0.0110588 -0.0211107 0.999716 0
0.843973 0.535902 0.0227824 70.0684 -0.536249 0.843955 0.0132674 48.1977 -0.0121173 -0.0234144 0.999652 0
0.837792 0.545496 0.023218 70.7299 -0.545825 0.837826 0.0110408 47.7566 -0.0134299 -0.0219229 0.999669 0
0.831798 0.554611 0.0227615 71.3694 -0.554903 0.831866 0.00903736 47.3321 -0.0139223 -0.0201477 0.9997 0
0.825918 0.563332 0.0227549 72.013 -0.563622 0.825986 0.00883505 46.9028 -0.0138182 -0.0201222 0.999702 0
0.820078 0.571736 0.0242699 72.6609 -0.57211 0.820081 0.0125567 46.4702 -0.0127242 -0.0241825 0.999627 0
0.814157 0.580185 0.0231126 73.2914 -0.580533 0.814135 0.0128499 46.0407 -0.0113615 -0.0238794 0.99965 0
0.808916 0.58759 0.0198456 73.8861 -0.587844 0.808903 0.0107374 45.5924 -0.00974395 -0.0203518 0.999745 0
0.803378 0.595186 0.0183902 74.4856 -0.595402 0.803369 0.00972199 45.1523 -0.00898772 -0.01876 0.999784 0
0.798124 0.602246 0.0172372 75.091 -0.602431 0.798125 0.00851905 44.7011 -0.00862688 -0.0171835 0.999815 0
0.793134 0.608769 0.0184205 75.6864 -0.60897 0.793152 0.00803254 44.2444 -0.00972028 -0.0175884 0.999798 0
0.789252 0.613745 0.0199652 76.2682 -0.61395 0.789322 0.00591626 43.8075 -0.0121279 -0.0169271 0.999783 0
0.787179 0.616426 0.0191808 76.8057 -0.616552 0.787314 0.000844177 43.3476 -0.014581 -0.0124905 0.999816 0
0.785396 0.618718 0.018489 77.3513 -0.618767 0.785566 -0.00362855 42.919 -0.0167694 -0.00859054 0.999822 0
0.783844 0.620683 0.018469 77.8996 -0.620691 0.784032 -0.00598695 42.4943 -0.0181963 -0.00677072 0.999812 0
0.782693 0.62216 0.0175335 78.4533 -0.62215 0.782869 -0.00668607 42.0688 -0.0178863 -0.00567534 0.999824 0
0.783469 0.621243 0.0153122 78.9521 -0.621228 0.783605 -0.00630613 41.6745 -0.0159164 -0.00457172 0.999863 0
0.784981 0.619365 0.0138373 79.4385 -0.619354 0.785092 -0.00558586 41.2732 -0.0143233 -0.00418542 0.999889 0
0.787731 0.615904 0.0119248 79.9354 -0.615866 0.787819 -0.0070642 40.8762 -0.0137455 -0.0017794 0.999904 0
0.792706 0.609525 0.00981097 80.4002 -0.609467 0.792767 -0.00843599 40.5144 -0.0129198 0.000707801 0.999916 0
0.799062 0.601218 0.00615176 80.8569 -0.601133 0.799066 -0.0115033 40.1848 -0.0118316 0.00549382 0.999915 0
0.806344 0.591447 0.000580633 81.3113 -0.591364 0.806246 -0.0159999 39.8663 -0.00993122 0.0125581 0.999872 0
0.815399 0.578883 -0.004409 81.7572 -0.578845 0.815196 -0.0198475 39.5654 -0.00789517 0.0187358 0.999793 0
0.827037 0.562099 -0.00739779 82.1854 -0.562126 0.826819 -0.0196284 39.3038 -0.00491646 0.0203919 0.99978 0
0.839938 0.542618 -0.00837652 82.6235 -0.542677 0.83976 -0.0174367 39.0341 -0.00242717 0.0191915 0.999813 0
0.854336 0.519662 -0.00780227 83.0671 -0.51972 0.85422 -0.014076 38.7672 -0.000649894 0.0160806 0.999871 0
0.870157 0.492744 -0.00562065 83.5536 -0.492776 0.870098 -0.0100376 38.5031 -5.54319e-05 0.011504 0.999934 0
0.886629 0.462461 -0.00435799 84.0483 -0.462481 0.886589 -0.00840099 38.2593 -2.1379e-05 0.00946405 0.999955 0
0.90632 0.422584 -0.00253992 84.5156 -0.422585 0.906255 -0.0111553 38.1047 -0.00241223 0.0111836 0.999935 0
0.924902 0.380204 0.000900155 84.9639 -0.380162 0.924831 -0.0128142 37.9515 -0.00570448 0.0115096 0.999918 0
0.942121 0.335233 0.0052234 85.4412 -0.335158 0.942091 -0.0115583 37.8498 -0.00879565 0.00913868 0.99992 0
0.957883 0.287035 0.00840323 85.9386 -0.286952 0.957895 -0.00983319 37.7604 -0.0108719 0.00700773 0.999916 0
0.97216 0.234185 0.00792398 86.4366 -0.234098 0.972156 -0.0105414 37.7009 -0.010172 0.00839293 0.999913 0
0.984393 0.175905 0.00523523 86.9343 -0.175827 0.984338 -0.0127675 37.6709 -0.0073991 0.0116478 0.999905 0
0.993966 0.109694 1.48122e-05 87.4212 -0.109679 0.993831 -0.0164463 37.6411 -0.00181878 0.0163455 0.999865 0
0.999207 0.0395021 -0.00502898 87.8976 -0.0395891 0.999044 -0.0185547 37.6502 0.00429122 0.0187391 0.999815 0
0.999454 -0.0318714 -0.00867313 88.3647 0.031716 0.999344 -0.0175026 37.6995 0.00922527 0.017218 0.999809 0
0.994636 -0.102761 -0.0117961 88.8244 0.102571 0.994601 -0.0157289 37.7863 0.0133487 0.0144346 0.999807 0
0.984762 -0.173345 -0.0140051 89.2741 0.173127 0.984777 -0.0155091 37.9099 0.0164804 0.0128481 0.999782 0
0.970104 -0.242285 -0.0139726 89.7277 0.242042 0.970116 -0.0170567 38.0665 0.0176877 0.0131648 0.999757 0
0.950973 -0.309077 -0.0110542 90.1738 0.308864 0.950944 -0.0175316 38.2469 0.0159306 0.0132578 0.999785 0
0.927422 -0.373976 -0.00552581 90.6132 0.373847 0.927346 -0.0163393 38.4558 0.0112349 0.0130877 0.999851 0
0.899747 -0.436411 0.00126516 91.0592 0.436391 0.899669 -0.0125858 38.692 0.00435435 0.0118761 0.99992 0
0.868943 -0.49487 0.00643131 91.4814 0.494911 0.868893 -0.00941141 38.9524 -0.000930692 0.0113609 0.999935 0
0.836379 -0.548028 0.0116029 91.8584 0.5481 0.836403 -0.00409145 39.2188 -0.00746242 0.00978153 0.999924 0
0.807183 -0.590181 0.0119424 92.1985 0.59022 0.807242 0.000308191 39.454 -0.00982232 0.00679989 0.999929 0
0.779691 -0.626076 0.0105382 92.5379 0.626052 0.77976 0.00582629 39.69 -0.0118649 0.00205473 0.999928 0
0.755242 -0.655409 0.00698882 92.8744 0.655342 0.755269 0.00975698 39.9377 -0.0116732 -0.00278882 0.999928 0
0.741165 -0.671304 0.00507464 93.245 0.671248 0.741173 0.00937997 40.2952 -0.010058 -0.00354576 0.999943 0
0.727619 -0.68595 0.00651034 93.5901 0.685912 0.727648 0.00733006 40.6107 -0.00976529 -0.000867983 0.999952 0
0.714413 -0.699665 0.0091323 93.9372 0.699643 0.714468 0.00587438 40.9382 -0.0106348 0.00219261 0.999941 0
0.705831 -0.708341 0.00746232 94.3221 0.708327 0.705868 0.00480769 41.2674 -0.00867289 0.00189234 0.999961 0
0.699602 -0.714524 0.00349915 94.6476 0.714492 0.699606 0.00716551 41.653 -0.00756796 -0.00251289 0.999968 0
0.694754 -0.719247 0.000240357 94.9792 0.719201 0.694713 0.0111058 42.04 -0.00815479 -0.00754294 0.999938 0
0.6918 -0.722077 -0.00422084 95.3415 0.722068 0.691722 0.0117944 42.4538 -0.00559683 -0.0112071 0.999922 0
0.690746 -0.723061 -0.0072699 95.6844 0.723096 0.690684 0.0093771 42.8291 -0.00175901 -0.011734 0.99993 0
0.691732 -0.722113 -0.00774883 96.0616 0.722153 0.691711 0.00552124 43.2182 0.00137299 -0.00941507 0.999955 0
0.69448 -0.719477 -0.00709623 96.4686 0.719499 0.694493 0.000791769 43.63 0.00435862 -0.0056556 0.999975 0
0.698022 -0.716038 -0.00738247 96.8669 0.716034 0.698056 -0.00361643 44.0369 0.00774288 -0.00276176 0.999966 0
0.701242 -0.712838 -0.0110399 97.2667 0.712861 0.701301 -0.0023253 44.4533 0.00939989 -0.00623936 0.999936 0
0.704739 -0.709329 -0.0139904 97.6813 0.709423 0.704778 0.00276716 44.8847 0.00789726 -0.0118752 0.999898 0
0.70925 -0.70485 -0.0122805 98.1262 0.704952 0.709205 0.00844247 45.328 0.0027587 -0.014645 0.999889 0
0.712596 -0.701499 -0.0102578 98.5891 0.701569 0.712457 0.0143512 45.7991 -0.00275916 -0.0174232 0.999844 0
0.715579 -0.698468 -0.00946676 99.0292 0.698476 0.715286 0.0222956 46.2606 -0.00880132 -0.0225666 0.999707 0
0.717468 -0.696563 -0.00636602 99.5079 0.696488 0.717173 0.0237926 46.6865 -0.0120075 -0.0215043 0.999697 0
0.718337 -0.69569 -0.00269621 99.9781 0.695576 0.718137 0.0212983 47.1211 -0.0128807 -0.0171748 0.99977 0
0.718123 -0.695887 -0.00641924 100.469 0.695904 0.718025 0.0125297 47.5967 -0.00411006 -0.013465 0.999901 0
0.7177 -0.69629 -0.00934429 100.959 0.69634 0.717703 0.00369652 48.0766 0.00413258 -0.0091598 0.99995 0
0.715974 -0.698003 -0.0131161 101.467 0.698072 0.716027 0.00097597 48.6085 0.00871024 -0.00985475 0.999914 0
0.713715 -0.700285 -0.014573 101.951 0.700406 0.713723 0.00557893 49.0917 0.00649425 -0.0141888 0.999878 0
0.712237 -0.701854 -0.0109138 102.457 0.701938 0.712126 0.012625 49.5868 -0.00108887 -0.0166528 0.999861 0
0.71011 -0.704034 -0.00898518 103.015 0.704059 0.709897 0.0186217 50.1042 -0.00673176 -0.0195496 0.999786 0
0.708507 -0.705663 -0.00765112 103.536 0.705653 0.708285 0.0196412 50.6299 -0.00844092 -0.019315 0.999778 0
0.706708 -0.707453 -0.00867291 104.039 0.707473 0.706505 0.0182239 51.1649 -0.00676506 -0.0190148 0.999796 0
0.704948 -0.709157 -0.0119888 104.542 0.709258 0.704825 0.0132281 51.7088 -0.000930815 -0.0178283 0.999841 0
0.702707 -0.711279 -0.0169015 105.103 0.711474 0.702593 0.012951 52.2907 0.00266312 -0.0211258 0.999773 0
0.700044 -0.713803 -0.0205891 105.657 0.71409 0.699894 0.0149848 52.8846 0.00371398 -0.0251924 0.999676 0
0.697568 -0.716323 -0.0167528 106.249 0.716518 0.697406 0.0150355 53.4596 0.000913198 -0.022492 0.999747 0
0.694923 -0.718953 -0.0137489 106.824 0.719082 0.694747 0.0157439 54.0359 -0.00176708 -0.0208274 0.999782 0
0.694062 -0.719845 -0.0100912 107.401 0.719902 0.693898 0.0157134 54.6133 -0.00430894 -0.0181708 0.999826 0
0.693171 -0.720758 -0.00472477 107.978 0.720746 0.693073 0.01324 55.2159 -0.0062682 -0.0125829 0.999901 0
0.692402 -0.721509 -0.00223241 108.535 0.721472 0.692327 0.0126497 55.8256 -0.0075813 -0.0103693 0.999918 0
0.692066 -0.721834 0.000617585 109.097 0.721798 0.69204 0.00933544 56.4289 -0.00716603 -0.00601497 0.999956 0
0.692938 -0.720996 -0.00130233 109.65 0.72098 0.692909 0.00800777 57.0246 -0.00487117 -0.00648785 0.999967 0
0.69441 -0.71951 -0.0100445 110.215 0.719576 0.694288 0.0132449 57.6411 -0.00255605 -0.0164252 0.999862 0
0.696112 -0.717575 -0.0226829 110.821 0.71793 0.695664 0.0250348 58.27 -0.00218461 -0.0337118 0.999429 0
0.698523 -0.714972 -0.02968 111.414 0.71558 0.697724 0.0335622 58.8959 -0.00328752 -0.0446824 0.998996 0
0.700295 -0.713218 -0.0301191 112.013 0.713842 0.699416 0.0353148 59.52 -0.00412144 -0.046231 0.998922 0
0.701324 -0.712399 -0.0251641 112.586 0.712837 0.700735 0.0288927 60.1432 -0.00294979 -0.038201 0.999266 0
0.702645 -0.711242 -0.0206238 113.227 0.711535 0.702228 0.0243622 60.7763 -0.0028448 -0.0317926 0.99949 0
0.702958 -0.711 -0.0181573 113.848 0.711227 0.70263 0.0216035 61.3832 -0.00260219 -0.0281003 0.999602 0
0.703608 -0.7104 -0.0163683 114.454 0.710583 0.703328 0.0200417 61.9984 -0.00272534 -0.0257325 0.999665 0
0.70456 -0.709467 -0.0158959 115.068 0.709622 0.704182 0.0237395 62.6134 -0.0056488 -0.028006 0.999592 0
0.705692 -0.708365 -0.0147678 115.665 0.70844 0.705147 0.0296778 63.2373 -0.0106092 -0.0314055 0.99945 0
0.706219 -0.707867 -0.0134021 116.271 0.707814 0.705487 0.035862 63.8661 -0.0159305 -0.0348126 0.999267 0
0.707046 -0.707045 -0.0131422 116.862 0.707056 0.706483 0.0308808 64.4616 -0.0125493 -0.0311264 0.999437 0
0.707237 -0.706794 -0.0160698 117.442 0.706972 0.706969 0.0196199 65.0396 -0.00250641 -0.0252368 0.999678 0
0.706585 -0.707301 -0.0215138 118.024 0.707566 0.706598 0.0082895 65.6189 0.00933846 -0.0210797 0.999734 0
0.706125 -0.707692 -0.0236806 118.659 0.708027 0.706107 0.010521 66.2371 0.00927542 -0.0241957 0.999664 0
0.705438 -0.708636 -0.0138588 119.266 0.708762 0.705195 0.0188516 66.8521 -0.00358572 -0.0231213 0.999726 0
0.703912 -0.710287 0.000271762 119.878 0.709939 0.703579 0.0310124 67.4779 -0.0222189 -0.0216371 0.999519 0
0.703344 -0.710818 0.00673095 120.451 0.71034 0.703167 0.0311983 68.0794 -0.0269093 -0.0171619 0.999491 0
0.702506 -0.711676 -0.0013113 120.983 0.71143 0.702212 0.0276549 68.6416 -0.0187605 -0.0203606 0.999617 0
0.702087 -0.711938 -0.0148027 121.572 0.712083 0.701825 0.0194849 69.2348 -0.00348307 -0.0242208 0.999701 0
0.700746 -0.713102 -0.0209969 122.158 0.71339 0.700646 0.0129997 69.8375 0.00544125 -0.0240885 0.999695 0
0.698822 -0.71501 -0.0202293 122.765 0.715264 0.698776 0.0104027 70.4415 0.00669769 -0.021739 0.999741 0
0.695757 -0.718219 -0.00920245 123.299 0.718277 0.695681 0.0103383 71.0342 -0.00102321 -0.0138029 0.999904 0
0.692596 -0.72128 -0.00806611 123.876 0.721323 0.69252 0.0104242 71.6384 -0.00193283 -0.013038 0.999913 0
0.690202 -0.723485 -0.0137869 124.421 0.723615 0.690034 0.0153298 72.2128 -0.00157739 -0.0205571 0.999787 0
0.68803 -0.725449 -0.0184027 124.979 0.725681 0.687761 0.0192571 72.8573 -0.00131337 -0.026604 0.999645 0
0.687059 -0.726344 -0.0193671 125.535 0.726593 0.686676 0.0232012 73.4443 -0.00355315 -0.0300126 0.999543 0
0.686149 -0.72722 -0.0187389 126.125 0.727425 0.685631 0.0276052 74.0521 -0.00722702 -0.0325724 0.999443 0
0.684914 -0.728404 -0.0178956 126.703 0.728565 0.684339 0.0295313 74.6461 -0.00926408 -0.0332645 0.999404 0
0.682872 -0.730366 -0.0158558 127.22 0.730519 0.682535 0.0221079 75.2144 -0.00532473 -0.0266798 0.99963 0
0.680033 -0.733032 -0.0147869 127.765 0.733181 0.67988 0.0144511 75.8032 -0.000539866 -0.0206687 0.999786 0
0.675278 -0.737429 -0.0140673 128.291 0.737562 0.675187 0.0111738 76.4064 0.00125814 -0.0179209 0.999839 0
0.669986 -0.742264 -0.0127632 128.824 0.742374 0.669875 0.0121729 77.0099 -0.00048571 -0.0176307 0.999844 0
0.665082 -0.746709 -0.00962598 129.353 0.746731 0.664857 0.0189343 77.6161 -0.00773851 -0.0197809 0.999774 0
0.66125 -0.750166 -0.000562103 129.921 0.749873 0.660971 0.0284117 78.2302 -0.020942 -0.0192088 0.999596 0
0.658385 -0.752678 0.00233222 130.438 0.752226 0.65809 0.0327655 78.828 -0.0261967 -0.019818 0.99946 0
0.654631 -0.755948 0.000644987 130.966 0.755629 0.65438 0.0284792 79.462 -0.0219509 -0.018156 0.999594 0
0.649719 -0.760166 -0.0036218 131.468 0.760038 0.649505 0.0220141 80.0789 -0.014382 -0.0170557 0.999751 0
0.644195 -0.764832 -0.00675925 131.97 0.764841 0.644088 0.012969 80.7062 -0.00556554 -0.0135243 0.999893 0
0.638813 -0.769281 -0.0111955 132.487 0.76936 0.638706 0.0118288 81.3492 -0.00194906 -0.0161697 0.999867 0
0.633285 -0.773778 -0.0147739 132.992 0.773903 0.633035 0.0184481 81.9908 -0.00492232 -0.0231165 0.999721 0
0.626987 -0.778871 -0.0157685 133.503 0.778993 0.626631 0.0224228 82.631 -0.00758341 -0.0263423 0.999624 0
0.61956 -0.784742 -0.018045 133.975 0.78493 0.619222 0.0211854 83.2728 -0.00545118 -0.0272897 0.999613 0
0.612461 -0.790256 -0.0196733 134.473 0.790498 0.612213 0.0175159 83.9074 -0.00179773 -0.0262795 0.999653 0
0.605986 -0.795226 -0.0199353 135.001 0.795472 0.60572 0.0180811 84.5822 -0.00230338 -0.0268149 0.999638 0
0.5996 -0.800027 -0.0208698 135.495 0.800275 0.599173 0.0235063 85.2599 -0.00630104 -0.0307959 0.999506 0
0.592444 -0.805394 -0.0187356 135.966 0.805519 0.591865 0.0288945 85.9328 -0.0121825 -0.0322103 0.999407 0
0.586358 -0.809925 -0.0143548 136.442 0.809844 0.585713 0.0330613 86.5789 -0.0183694 -0.0310109 0.99935 0
0.580615 -0.814075 -0.0129519 136.923 0.813895 0.57992 0.0356184 87.2581 -0.021485 -0.0312221 0.999282 0
0.576598 -0.816916 -0.0135037 137.415 0.816746 0.575886 0.0357999 87.9424 -0.0214689 -0.0316713 0.999268 0
0.57366 -0.818893 -0.0181329 137.884 0.818947 0.572997 0.031628 88.6583 -0.0155098 -0.0329935 0.999335 0
0.570815 -0.820695 -0.0250915 138.348 0.821038 0.570216 0.0273968 89.3436 -0.00817679 -0.0362396 0.99931 0
0.568795 -0.82192 -0.030314 138.8 0.822472 0.568252 0.0250755 90.0027 -0.00338402 -0.0391953 0.999226 0
0.566157 -0.823636 -0.0330182 139.263 0.82429 0.565521 0.0270715 90.6784 -0.0036246 -0.0425433 0.999088 0
0.563563 -0.825507 -0.0305789 139.732 0.825944 0.562435 0.0385057 91.3845 -0.014588 -0.0469568 0.99879 0
0.560788 -0.827575 -0.0252224 140.195 0.827524 0.559245 0.0494809 92.0918 -0.0268437 -0.0486204 0.998457 0
0.55675 -0.830359 -0.0230875 140.654 0.830248 0.55535 0.0476857 92.736 -0.0267746 -0.0457173 0.998596 0
0.552486 -0.833324 -0.018156 141.102 0.833228 0.551582 0.0385712 93.3991 -0.0221278 -0.0364382 0.999091 0
0.546679 -0.837196 -0.0156424 141.555 0.837257 0.546262 0.0244468 94.1145 -0.0119219 -0.0264612 0.999579 0
0.541152 -0.840622 -0.0225865 141.997 0.840864 0.540593 0.0266082 94.8473 -0.0101573 -0.0333913 0.999391 0
0.534996 -0.844571 -0.0218901 142.438 0.844727 0.534285 0.031249 95.5582 -0.0146965 -0.0352092 0.999272 0
0.528324 -0.848939 -0.0132596 142.898 0.848815 0.527755 0.0314259 96.271 -0.0196808 -0.027858 0.999418 0
0.522672 -0.852528 -0.00328823 143.353 0.852198 0.522353 0.0300875 96.971 -0.0239328 -0.0185281 0.999542 0
0.517438 -0.855708 0.00470916 143.778 0.855339 0.517364 0.0270224 97.6843 -0.0255596 -0.0099545 0.999624 0
0.512268 -0.858762 0.0105152 144.196 0.858534 0.512374 0.0197968 98.3773 -0.0223884 -0.00111362 0.999749 0
0.507141 -0.861785 0.0116266 144.605 0.861766 0.50724 0.00818488 99.0628 -0.0129511 0.00586851 0.999899 0
0.502115 -0.864779 0.00613771 145.077 0.864791 0.50213 0.00109317 99.78 -0.00402728 0.00475893 0.999981 0
0.496729 -0.867902 -0.00260574 145.483 0.867888 0.496697 0.00796483 100.522 -0.00561843 -0.00621785 0.999965 0
0.491842 -0.87066 -0.00652492 145.912 0.870557 0.491629 0.0207493 101.281 -0.0148578 -0.0158857 0.999763 0
0.486731 -0.873552 0.000427133 146.319 0.873123 0.486508 0.031084 102.04 -0.0273613 -0.0147566 0.999517 0
0.482526 -0.875865 0.00541581 146.71 0.875275 0.482412 0.0342437 102.798 -0.0326055 -0.0117832 0.999399 0
0.481047 -0.876694 -0.000931778 147.098 0.87639 0.480851 0.0268713 103.53 -0.0231099 -0.013743 0.999638 0
0.479742 -0.877358 -0.00954474 147.467 0.87734 0.479538 0.0178428 104.248 -0.0110775 -0.0169339 0.999795 0
0.478545 -0.877907 -0.0165396 147.857 0.878049 0.478348 0.0145743 105.011 -0.00488326 -0.021497 0.999757 0
0.477217 -0.878656 -0.0151064 148.271 0.878772 0.477046 0.0136478 105.748 -0.00478529 -0.0197881 0.999793 0
0.476828 -0.878917 -0.0118266 148.686 0.878931 0.476585 0.0186197 106.515 -0.0107288 -0.0192731 0.999757 0
0.47622 -0.879283 -0.00866965 149.12 0.879129 0.475882 0.0258499 107.268 -0.0186036 -0.019932 0.999628 0
0.474629 -0.880186 -0.000638881 149.483 0.879918 0.474467 0.025007 108.007 -0.0217077 -0.0124312 0.999687 0
0.473407 -0.880841 0.00215031 149.911 0.880704 0.473374 0.0166413 108.747 -0.0156763 -0.00598433 0.999859 0
0.471983 -0.881589 0.00569832 150.299 0.881594 0.472002 0.00251173 109.48 -0.00490393 0.00383811 0.999981 0
0.470736 -0.882198 0.011576 150.717 0.882268 0.470644 -0.00984652 110.225 0.00323839 0.0148483 0.999885 0
0.470053 -0.882619 0.00590693 151.096 0.882633 0.470018 -0.00644178 110.946 0.00290927 0.00824163 0.999962 0
0.468046 -0.883693 0.00450404 151.507 0.883672 0.468066 0.00612145 111.757 -0.00751767 0.00111497 0.999971 0
0.465838 -0.884731 0.0156842 151.926 0.884779 0.465971 0.00607251 112.572 -0.0126809 0.0110483 0.999859 0
0.465096 -0.884985 0.0220721 152.311 0.885181 0.465243 0.00176239 113.352 -0.0118286 0.0187181 0.999755 0
0.465408 -0.884996 0.0133537 152.696 0.885068 0.465461 0.000983613 114.109 -0.00708611 0.0113611 0.99991 0
0.466076 -0.884719 0.00667786 153.023 0.884734 0.466094 0.00135644 114.783 -0.00431258 0.00527592 0.999977 0
0.466026 -0.884767 0.00256272 153.434 0.884759 0.466033 0.00383428 115.535 -0.00458676 0.000480504 0.999989 0
0.46525 -0.885179 -0.000503176 153.808 0.885148 0.465229 0.00865235 116.274 -0.00742478 -0.0044709 0.999962 0
0.464784 -0.885418 -0.00328903 154.2 0.885353 0.464696 0.0144044 117.034 -0.0112255 -0.00960688 0.999891 0
0.463746 -0.885968 -3.20021e-05 154.575 0.885881 0.4637 0.0140492 117.779 -0.0124323 -0.0065436 0.999901 0
0.462693 -0.886518 0.00111762 154.936 0.886454 0.462674 0.0115146 118.509 -0.010725 -0.00433701 0.999933 0
0.462224 -0.886759 -0.00261131 155.296 0.886753 0.462203 0.00600151 119.238 -0.00411494 -0.00508964 0.999979 0
0.461786 -0.88694 -0.00960864 155.657 0.886991 0.461743 0.00640038 119.973 -0.00124003 -0.0114784 0.999933 0
0.460511 -0.887581 -0.0114022 156.081 0.887599 0.460301 0.0170539 120.738 -0.00988827 -0.0179741 0.99979 0
0.458797 -0.888533 -0.00394443 156.418 0.888314 0.458574 0.0246488 121.398 -0.0200924 -0.0148127 0.999688 0
0.457133 -0.889384 0.00496528 156.769 0.889069 0.457109 0.0246633 122.08 -0.0242048 -0.00685994 0.999684 0
0.456018 -0.889914 0.0100559 157.107 0.889737 0.456128 0.0177442 122.766 -0.0203776 0.000855381 0.999792 0
0.457441 -0.889234 0.00313678 157.464 0.889173 0.457447 0.0106433 123.455 -0.0108993 -0.00207953 0.999938 0
0.45837 -0.888755 -0.00333168 157.744 0.888742 0.458332 0.00834097 124.077 -0.00588606 -0.00678426 0.99996 0
0.459097 -0.888338 -0.00932148 158.061 0.888383 0.459042 0.00741968 124.684 -0.00231223 -0.0116874 0.999929 0
0.460975 -0.88733 -0.0121525 158.376 0.887413 0.460943 0.00548675 125.29 0.000733027 -0.0133135 0.999911 0
0.464648 -0.885366 -0.0151456 158.674 0.885492 0.464622 0.00544502 125.9 0.00221612 -0.0159413 0.99987 0
0.469453 -0.882817 -0.0157933 158.982 0.882957 0.469366 0.00904302 126.499 -0.000570486 -0.0181901 0.999834 0
0.475468 -0.879647 -0.0122984 159.293 0.879669 0.475218 0.0187042 127.04 -0.0106087 -0.0197117 0.999749 0
0.480762 -0.876782 -0.0110046 159.616 0.876687 0.480391 0.0253862 127.614 -0.0169717 -0.0218523 0.999617 0
0.486126 -0.873789 -0.0132429 159.912 0.873751 0.485724 0.025146 128.181 -0.0155399 -0.0237951 0.999596 0
0.491742 -0.870596 -0.0158917 160.224 0.870699 0.491457 0.0187922 128.756 -0.00855026 -0.0230778 0.999697 0
0.498246 -0.866803 -0.0201004 160.548 0.867036 0.498122 0.0110924 129.34 0.000397528 -0.0229545 0.999736 0
0.505175 -0.862629 -0.0258666 160.872 0.862989 0.505171 0.00717182 129.925 0.00688042 -0.0259456 0.99964 0
0.51183 -0.858738 -0.0244725 161.224 0.859062 0.511824 0.006999 130.518 0.00651529 -0.0246057 0.999676 0
0.517164 -0.855644 -0.0203574 161.565 0.855878 0.517115 0.00800063 131.097 0.00368142 -0.0215611 0.999761 0
0.522617 -0.852491 -0.011437 161.936 0.852566 0.52254 0.00914192 131.663 -0.00181713 -0.0145285 0.999893 0
0.527739 -0.849397 -0.00399351 162.304 0.849384 0.527686 0.00968947 132.218 -0.00612288 -0.00850555 0.999945 0
0.530216 -0.847856 -0.00330405 162.629 0.847831 0.530159 0.0107097 132.716 -0.00732859 -0.00847972 0.999937 0
0.531075 -0.847316 -0.00395932 162.964 0.847285 0.530999 0.0121353 133.242 -0.00818007 -0.00979945 0.999919 0
0.530502 -0.847678 -0.0031457 163.31 0.847618 0.530411 0.0144124 133.809 -0.0105486 -0.0103122 0.999891 0
0.53027 -0.847828 -0.000926762 163.656 0.847724 0.530188 0.0162635 134.399 -0.0132973 -0.00940972 0.999867 0
0.530588 -0.847626 -0.00253646 164.026 0.847493 0.530446 0.0195609 134.989 -0.0152348 -0.0125284 0.999806 0
0.530653 -0.847539 -0.00925965 164.381 0.847489 0.53039 0.021203 135.561 -0.0130592 -0.0190989 0.999732 0
0.529793 -0.847951 -0.0172954 164.717 0.848114 0.52956 0.0163997 136.106 -0.00474713 -0.0233569 0.999716 0
0.527998 -0.848997 -0.0205581 165.043 0.849232 0.527971 0.0071712 136.637 0.00476577 -0.021245 0.999763 0
0.524675 -0.851115 -0.0178942 165.379 0.851238 0.524778 -0.00127335 137.173 0.0104743 -0.0145642 0.999839 0
0.521201 -0.853266 -0.0169316 165.708 0.853421 0.521201 0.00477406 137.771 0.00475123 -0.016938 0.999845 0
0.517688 -0.855429 -0.0154908 166.03 0.855559 0.517505 0.0144167 138.379 -0.00431593 -0.0207166 0.999776 0
0.514432 -0.857512 -0.00570854 166.418 0.857315 0.514141 0.025891 138.999 -0.0192669 -0.0182132 0.999649 0
0.511099 -0.859514 0.0035372 166.799 0.858971 0.510915 0.0336687 139.612 -0.030746 -0.0141697 0.999427 0
0.508748 -0.860897 0.00564644 167.159 0.860332 0.508633 0.0334844 140.232 -0.0316986 -0.0121773 0.999423 0
0.507022 -0.861932 0.00130446 167.499 0.861559 0.506846 0.0286938 140.848 -0.0253933 -0.0134245 0.999587 0
0.503998 -0.863695 -0.00425159 167.833 0.863573 0.503828 0.019974 141.431 -0.0151094 -0.0137384 0.999792 0
0.501795 -0.864984 -0.00204217 168.182 0.86494 0.501742 0.0115298 142.02 -0.00894846 -0.00755196 0.999931 0
0.50076 -0.865571 0.00510524 168.549 0.86554 0.500785 0.0074425 142.61 -0.00899864 0.000691879 0.999959 0
0.499913 -0.865963 0.0139805 168.925 0.865974 0.500036 0.00721697 143.203 -0.0132404 0.0084989 0.999876 0
0.498667 -0.866572 0.0196017 169.292 0.866608 0.4989 0.00942192 143.812 -0.0179441 0.0122886 0.999763 0
0.497741 -0.867055 0.0216572 169.647 0.867127 0.498006 0.00895785 144.419 -0.0185524 0.0143209 0.999725 0
0.496817 -0.867536 0.0235634 169.985 0.867713 0.497044 0.00461902 145.019 -0.0157192 0.0181515 0.999712 0
0.496068 -0.867838 0.0278021 170.333 0.868196 0.496218 -0.00171041 145.614 -0.0123116 0.0249862 0.999612 0
0.495637 -0.868033 0.0293657 170.667 0.868447 0.495773 -0.00293866 146.211 -0.0120079 0.026959 0.999564 0
