0.477284 -0.878556 0.0184031 0.681433 0.878745 0.477243 -0.00686302 0.552625 -0.00275319 0.0194472 0.999807 0
0.468875 -0.883015 0.0209726 1.08808 0.883231 0.468517 -0.0198813 1.3052 0.0077295 0.0278455 0.999582 0
0.467533 -0.883787 0.0182663 1.50967 0.883933 0.467206 -0.0195349 2.10007 0.00873061 0.0252794 0.999642 0
0.466475 -0.884346 0.0182389 1.93361 0.884501 0.466178 -0.0183475 2.90162 0.00772302 0.024691 0.999665 0
0.465247 -0.884968 0.0193978 2.36102 0.88516 0.464976 -0.0169741 3.70823 0.00600196 0.0250673 0.999668 0
0.466014 -0.884643 0.015405 2.78192 0.884747 0.465784 -0.0163461 4.52906 0.00728506 0.021247 0.999748 0
0.455568 -0.890186 0.00514764 3.23245 0.890165 0.45549 -0.0116125 5.34241 0.00799256 0.00987251 0.999919 0
0.454738 -0.890571 0.00979384 3.66281 0.890584 0.454585 -0.0145855 6.1641 0.00853731 0.0153548 0.999846 0
0.454106 -0.890842 0.0137011 4.09363 0.890912 0.453897 -0.0158794 6.99072 0.00792716 0.0194174 0.99978 0
0.453996 -0.890852 0.0164535 4.52391 0.890989 0.453806 -0.0141 7.82323 0.0050943 0.0210612 0.999765 0
0.494015 -0.869048 0.02655 4.97675 0.869449 0.493879 -0.0119457 8.6814 -0.00273107 0.0289852 0.999576 0
0.436766 -0.89898 0.0327275 5.40417 0.899538 0.436791 -0.00674585 9.5383 -0.00823072 0.032386 0.999442 0
0.438338 -0.897962 0.0390367 5.83851 0.898746 0.438413 -0.00706801 10.3779 -0.0107674 0.0381822 0.999213 0
0.439877 -0.897187 0.0395403 6.27746 0.897998 0.43993 -0.00780501 11.2212 -0.0103924 0.0389404 0.999187 0
0.591119 -0.805584 0.0401497 6.74792 0.8065 0.591045 -0.0149793 12.0905 -0.0116632 0.0412353 0.999081 0
0.58691 -0.808994 0.0326452 7.18604 0.809618 0.586778 -0.0145056 12.9401 -0.00742054 0.0349436 0.999362 0
0.582561 -0.812379 0.0257395 7.63003 0.812766 0.582482 -0.0112483 13.7931 -0.00585493 0.0274729 0.999605 0
0.577541 -0.815982 0.0248817 8.07967 0.816316 0.577564 -0.00699073 14.6503 -0.00866647 0.0243488 0.999666 0
0.571771 -0.819843 0.0305762 8.53291 0.820307 0.5719 -0.00522288 15.512 -0.0132046 0.0280681 0.999519 0
0.428262 -0.903027 0.0336872 8.9523 0.903567 0.428441 -0.00205888 16.3757 -0.0125738 0.0313204 0.99943 0
0.427401 -0.903036 0.043069 9.42288 0.903999 0.427447 -0.00859309 17.2407 -0.0106499 0.042607 0.999035 0
0.425722 -0.903838 0.0428683 9.89062 0.904828 0.425592 -0.0125766 18.1111 -0.00687724 0.0441426 0.999002 0
0.641822 -0.765694 0.0421666 10.3674 0.76685 0.641008 -0.0323942 18.9816 -0.00222511 0.0531268 0.998585 0
0.631538 -0.774342 0.0394267 10.8263 0.775341 0.630871 -0.0291094 19.8704 -0.00233256 0.0489528 0.998798 0
0.621296 -0.782617 0.0387551 11.2859 0.78356 0.62084 -0.0243334 20.7646 -0.00501699 0.0454852 0.998952 0
0.610906 -0.790629 0.0412341 11.7456 0.791671 0.610523 -0.0227786 21.6617 -0.00716498 0.0465594 0.99889 0
0.600433 -0.798327 0.046406 12.2064 0.799619 0.600066 -0.0230305 22.5583 -0.0094608 0.0509354 0.998657 0
0.590215 -0.805597 0.0515673 12.6673 0.807156 0.589899 -0.0227841 23.4543 -0.0120646 0.0550704 0.99841 0
0.58007 -0.812924 0.0517024 13.1266 0.814415 0.580016 -0.0175791 24.35 -0.0156977 0.0523043 0.998508 0
0.570197 -0.819832 0.0524388 13.5842 0.821334 0.570226 -0.0158868 25.2445 -0.0168774 0.0521284 0.998498 0
0.56003 -0.826914 0.0507913 14.0436 0.828301 0.560108 -0.0140183 26.1344 -0.0168567 0.0499211 0.998611 0
0.550208 -0.833772 0.0457679 14.5013 0.834897 0.550264 -0.0124994 27.0224 -0.0147628 0.0450888 0.998874 0
0.540008 -0.84078 0.0384796 14.9588 0.841544 0.540128 -0.00809827 27.9077 -0.0139751 0.0367554 0.999227 0
0.528901 -0.847962 0.0349809 15.4181 0.848551 0.529097 -0.00415197 28.7898 -0.0149876 0.031879 0.999379 0
0.517824 -0.854756 0.0353629 15.875 0.855326 0.518086 -0.00201953 29.6702 -0.0165948 0.0312926 0.999372 0
0.507003 -0.861267 0.0341643 16.3261 0.861775 0.507291 -0.000297933 30.5492 -0.0170746 0.029593 0.999416 0
0.496194 -0.867671 0.0306281 16.7723 0.868106 0.496375 -0.00192607 31.426 -0.0135318 0.0275441 0.999529 0
0.485445 -0.873848 0.0270776 17.2166 0.874201 0.485556 -0.00278086 32.2999 -0.0107176 0.0250212 0.999629 0
0.474431 -0.879964 0.0240706 17.6602 0.88021 0.474584 0.000764002 33.1718 -0.0120958 0.0208247 0.99971 0
0.463697 -0.885565 0.0275643 18.1021 0.88584 0.463972 0.00419368 34.0417 -0.0165028 0.0224729 0.999611 0
0.625817 -0.778538 0.0472406 18.5352 0.779969 0.624778 -0.036065 34.8792 -0.00143689 0.0594162 0.998232 0
0.613424 -0.787882 0.0543446 18.9709 0.789749 0.612201 -0.0388094 35.7565 -0.00269253 0.0667252 0.997768 0
0.597993 -0.799205 0.0606262 19.4062 0.801496 0.596552 -0.0415862 36.6277 -0.00293078 0.0734599 0.997294 0
0.581985 -0.810649 0.0643512 19.8407 0.81319 0.580531 -0.0412933 37.494 -0.00388348 0.0763619 0.997073 0
0.459301 -0.887442 0.0385902 20.2432 0.888232 0.458388 -0.0304081 38.3707 0.00929618 0.0482436 0.998792 0
0.445426 -0.894019 0.0482309 20.6915 0.895317 0.44468 -0.0258194 39.2281 0.00163576 0.0546826 0.998502 0
0.429549 -0.901317 0.0558212 21.1336 0.903029 0.429074 -0.0208394 40.082 -0.00516851 0.0593597 0.998223 0
0.413547 -0.908566 0.0590423 21.5703 0.910449 0.41322 -0.018229 40.9297 -0.00783519 0.0612936 0.998089 0
0.397183 -0.916029 0.0560087 22.003 0.917722 0.396808 -0.018138 41.7684 -0.00560977 0.0586046 0.998266 0
0.380862 -0.923345 0.0487608 22.4304 0.92463 0.380436 -0.0181154 42.5978 -0.00182356 0.0519852 0.998646 0
0.3645 -0.930504 0.0360864 22.8511 0.9312 0.364326 -0.0115243 43.4186 -0.00242378 0.0378043 0.999282 0
0.348892 -0.936704 0.029323 23.2645 0.937136 0.348948 -0.00334593 44.2294 -0.00709806 0.028647 0.999564 0
0.332134 -0.942683 0.032178 23.6717 0.943148 0.332367 0.00203609 45.027 -0.0126143 0.0296723 0.99948 0
0.334403 -0.941944 0.0302764 24.0724 0.942347 0.334627 0.00250802 45.8116 -0.0124937 0.0276922 0.999538 0
0.337433 -0.940976 0.0265242 24.4666 0.941274 0.337628 0.00314084 46.584 -0.0119108 0.0239067 0.999643 0
0.340103 -0.940226 0.0174877 24.8541 0.940314 0.340251 0.00623647 47.3442 -0.0118139 0.0143229 0.999828 0
0.343011 -0.939173 0.0172778 25.2337 0.939261 0.343152 0.00589991 48.0929 -0.0114699 0.0142046 0.999833 0
0.426357 -0.902384 0.0626361 25.6494 0.904552 0.425512 -0.0269347 48.8347 -0.00234697 0.0681414 0.997673 0
0.425762 -0.902706 0.0620278 25.9883 0.904826 0.425067 -0.0246663 49.5803 -0.00409953 0.0666264 0.99777 0
0.424758 -0.903276 0.0606023 26.3221 0.905276 0.424346 -0.0201549 50.3115 -0.00751089 0.0634228 0.997958 0
0.432529 -0.899976 0.0544254 26.6246 0.901454 0.432818 -0.0069782 51.1024 -0.0172761 0.0520803 0.998493 0
0.430328 -0.90127 0.0503037 26.9465 0.902515 0.430624 -0.00534505 51.7891 -0.0168447 0.0477 0.99872 0
0.428621 -0.902387 0.0445171 27.2605 0.90341 0.428696 -0.00832517 52.4571 -0.0115718 0.0437855 0.998974 0
0.328797 -0.943673 0.0370669 27.5489 0.944356 0.328909 -0.00321005 53.1327 -0.00916239 0.0360598 0.999308 0
0.31875 -0.947306 0.0317915 27.8484 0.947836 0.318656 -0.0081282 53.7649 -0.00243065 0.032724 0.999461 0
0.309026 -0.950657 0.0274548 28.1404 0.951054 0.308911 -0.00845156 54.3778 -0.000446532 0.0287227 0.999587 0
0.298724 -0.95405 0.0235155 28.4266 0.954338 0.29868 -0.00543763 54.9691 -0.00183585 0.0240661 0.999709 0
0.288284 -0.957317 0.0208938 28.7083 0.957545 0.288205 -0.00677522 55.5385 0.00046434 0.0219599 0.999759 0
0.278463 -0.96021 0.0213396 28.9862 0.960425 0.278237 -0.0129772 56.0874 0.00652338 0.0241087 0.999688 0
0.710757 -0.695354 0.106338 29.3283 0.700412 0.713573 -0.0153899 56.6876 -0.0651783 0.0854187 0.994211 0
0.712014 -0.694362 0.104389 29.5711 0.699504 0.714365 -0.0194375 57.1679 -0.061075 0.0868601 0.994347 0
0.712037 -0.694907 0.100539 29.8078 0.69951 0.714444 -0.015961 57.6414 -0.0607381 0.0816929 0.994805 0
0.712092 -0.695069 0.0990165 30.0431 0.699373 0.714636 -0.0130977 58.1038 -0.061657 0.0785763 0.995 0
0.712311 -0.694502 0.101394 30.2829 0.698957 0.715054 -0.0125054 58.5504 -0.0638171 0.0797777 0.994768 0
0.713796 -0.692461 0.104845 30.5239 0.697218 0.716743 -0.0129279 58.9857 -0.0661946 0.0823276 0.994405 0
0.71676 -0.689122 0.10661 30.7628 0.693867 0.720022 -0.0108211 59.4128 -0.0693043 0.0817292 0.994242 0
0.722464 -0.683905 0.101586 30.9978 0.688062 0.725603 -0.00842868 59.8338 -0.0679463 0.0759866 0.994791 0
0.730525 -0.676123 0.0958659 31.2341 0.679557 0.733609 -0.00441787 60.2451 -0.0673411 0.0683737 0.995384 0
0.102082 -0.985797 -0.133358 31.2557 0.991251 0.112078 -0.0697116 60.7549 0.0836679 -0.125075 0.988613 0
0.130121 -0.983204 -0.127979 31.5937 0.988217 0.139098 -0.0638698 61.1096 0.0805986 -0.11816 0.989718 0
0.161573 -0.979249 -0.12233 31.9239 0.983839 0.16953 -0.057628 61.4469 0.0771707 -0.111042 0.990815 0
0.196121 -0.973482 -0.117772 32.2468 0.97782 0.203158 -0.0509424 61.7717 0.0735176 -0.105169 0.991733 0
0.444314 -0.892043 -0.0827326 32.5453 0.894936 0.446173 -0.0044971 62.0971 0.0409246 -0.0720422 0.996562 0
0.477402 -0.875063 -0.0797078 32.8651 0.877739 0.479129 -0.00293768 62.3971 0.040761 -0.0685602 0.996814 0
0.515052 -0.853898 -0.0746934 33.1865 0.856294 0.516488 0.000109046 62.6857 0.0384851 -0.0640157 0.997207 0
0.554935 -0.828896 -0.0705615 33.5107 0.831073 0.556157 0.002761 62.9601 0.0369547 -0.0601739 0.997504 0
0.597118 -0.79932 -0.0673537 33.8379 0.801305 0.598241 0.00426982 63.2187 0.0368808 -0.0565204 0.99772 0
0.754105 -0.654543 -0.0538468 34.1161 0.656551 0.753372 0.0370274 63.5039 0.0163306 -0.0632757 0.997862 0
0.789023 -0.612272 -0.0506519 34.4742 0.614093 0.788437 0.035449 63.7127 0.0182314 -0.059075 0.998087 0
0.856261 -0.512622 -0.0635316 34.7788 0.516083 0.854196 0.0632997 63.962 0.0218197 -0.0869887 0.99597 0
0.88498 -0.461996 -0.0580521 35.1632 0.465013 0.883324 0.0591744 64.1085 0.0239405 -0.0793632 0.996558 0
0.925883 -0.370341 -0.0747511 35.4939 0.375979 0.922636 0.0859178 64.3024 0.0371492 -0.107655 0.993494 0
0.956082 -0.279816 -0.0872335 35.8507 0.288611 0.950662 0.113778 64.459 0.0510926 -0.133958 0.989669 0
0.970696 -0.228025 -0.0758481 36.2653 0.23536 0.965834 0.108494 64.5065 0.0485173 -0.123167 0.991199 0
0.982093 -0.178045 -0.0615842 36.6729 0.183622 0.977741 0.101518 64.5416 0.0421386 -0.111008 0.992926 0
0.990412 -0.128771 -0.0500296 37.0728 0.132932 0.9869 0.0914204 64.5613 0.0376019 -0.0971944 0.994555 0
0.997361 -0.0488376 -0.0537137 37.4249 0.0542019 0.993159 0.103425 64.6172 0.0482952 -0.106064 0.993186 0
0.998917 -0.00181756 -0.0464852 37.8227 0.00613565 0.995655 0.0929187 64.5884 0.0461144 -0.0931033 0.994588 0
0.998588 0.0400176 -0.0349417 38.2115 -0.0370052 0.995865 0.0829709 64.5547 0.0381175 -0.0815607 0.995939 0
0.99653 0.079336 -0.0251841 38.5918 -0.0773094 0.994315 0.073216 64.5122 0.0308496 -0.0710149 0.996998 0
0.993275 0.114748 -0.0153949 38.9633 -0.113666 0.991785 0.0586779 64.4528 0.0220016 -0.0565334 0.998158 0
0.98929 0.145823 -0.00642245 39.3278 -0.145516 0.988741 0.0348788 64.3746 0.0114363 -0.0335707 0.999371 0
0.974892 0.222556 -0.00734154 39.645 -0.22223 0.974495 0.0311988 64.3241 0.0140978 -0.0287839 0.999486 0
0.968921 0.247365 -0.00174407 40.017 -0.247291 0.968763 0.0185866 64.2151 0.00628728 -0.0175777 0.999826 0
0.964361 0.264513 0.0063847 40.3908 -0.26456 0.964334 0.00826183 64.1073 -0.00397162 -0.00965653 0.999945 0
0.960285 0.278651 0.0143767 40.7668 -0.27869 0.960381 0.000724584 63.992 -0.0136052 -0.00470246 0.999896 0
0.955727 0.293551 0.0203291 41.1443 -0.293432 0.955941 -0.00868557 63.8587 -0.021983 0.00233584 0.999756 0
0.954414 0.296906 0.0306599 41.5255 -0.295815 0.954582 -0.0356035 63.7068 -0.0398383 0.0249108 0.998896 0
0.93226 0.361566 0.0127234 41.8853 -0.361281 0.932237 -0.0202639 63.5745 -0.019188 0.0142944 0.999714 0
0.925648 0.378376 0.00267336 42.2908 -0.378237 0.92546 -0.0214726 63.3801 -0.0105988 0.0188649 0.999766 0
0.901078 0.433492 -0.0119438 42.6839 -0.433489 0.901154 0.0029109 63.2194 0.012025 0.00255455 0.999924 0
0.894871 0.446237 -0.00889184 43.1205 -0.446212 0.894915 0.00467132 62.9959 0.010042 -0.000212583 0.99995 0
0.867899 0.496552 -0.0137093 43.5446 -0.496096 0.867847 0.0270245 62.8011 0.0253167 -0.0166534 0.999541 0
0.862653 0.505659 -0.0117625 44.0075 -0.505287 0.862595 0.0248029 62.5401 0.0226881 -0.0154528 0.999623 0
0.859011 0.511833 -0.0112746 44.4775 -0.511545 0.858995 0.0211706 62.2688 0.0205206 -0.0124183 0.999712 0
0.856381 0.516179 -0.0130815 44.9549 -0.515928 0.856433 0.0184648 61.9893 0.0207345 -0.00906381 0.999744 0
0.855146 0.518184 -0.0144763 45.4422 -0.51798 0.855248 0.0157386 61.7025 0.0205363 -0.00596036 0.999771 0
0.824553 0.565182 -0.0261242 45.9191 -0.563884 0.824688 0.0438799 61.456 0.0463444 -0.0214503 0.998695 0
0.825013 0.564491 -0.0265262 46.4356 -0.563356 0.825239 0.0401357 61.1413 0.0445467 -0.0181687 0.998842 0
0.828191 0.559787 -0.0271561 46.9639 -0.558749 0.828482 0.0376535 60.8243 0.0435763 -0.0160109 0.998922 0
0.831592 0.554718 -0.0272463 47.5045 -0.553862 0.831943 0.0332801 60.5024 0.0411285 -0.0125847 0.999075 0
0.835558 0.548668 -0.0284013 48.0564 -0.547952 0.835992 0.0294342 60.1734 0.0398928 -0.00903148 0.999163 0
0.839641 0.542407 -0.0282434 48.6214 -0.541852 0.840095 0.0252434 59.8402 0.0374193 -0.00589163 0.999282 0
0.84348 0.536438 -0.0278352 49.1989 -0.535993 0.843931 0.0221734 59.5033 0.0353857 -0.00378336 0.999367 0
0.847382 0.530234 -0.0282012 49.7875 -0.529997 0.84785 0.0159127 59.1614 0.0323479 0.00146239 0.999476 0
0.851961 0.522788 -0.0292386 50.388 -0.522755 0.852432 0.00933997 58.8148 0.0298067 0.00732733 0.999529 0
0.856854 0.514699 -0.0297569 51.0029 -0.514884 0.857258 0.00168616 58.4647 0.0263772 0.0138765 0.999556 0
0.862401 0.505252 -0.0313911 51.6338 -0.505579 0.862775 -0.00295002 58.1092 0.025593 0.0184148 0.999503 0
0.86861 0.494411 -0.0327772 52.2807 -0.494872 0.868935 -0.00730805 57.7469 0.0248681 0.0225683 0.999436 0
0.87518 0.482659 -0.033176 52.9415 -0.48322 0.875427 -0.011223 57.3838 0.0236263 0.0258535 0.999386 0
0.882016 0.470174 -0.0313647 53.615 -0.470817 0.882058 -0.017467 57.0236 0.019453 0.0301732 0.999355 0
0.889063 0.456834 -0.0295083 54.3019 -0.457502 0.888932 -0.0221663 56.665 0.0161046 0.0332074 0.999319 0
0.896195 0.442868 -0.026511 55.0004 -0.443493 0.895899 -0.0260592 56.3069 0.0122104 0.0351116 0.999309 0
0.86439 0.500095 -0.0523003 55.663 -0.497511 0.865699 0.0552138 56.0371 0.0728884 -0.0217063 0.997104 0
0.871917 0.487247 -0.0484943 56.3864 -0.485278 0.873087 0.047152 55.643 0.0653144 -0.0175793 0.99771 0
0.881285 0.470332 -0.046089 57.1126 -0.468784 0.882374 0.0407098 55.2601 0.0598149 -0.0142711 0.998107 0
0.889267 0.455242 -0.0442601 57.8432 -0.454191 0.890328 0.0320457 54.8852 0.0539945 -0.00839464 0.998506 0
0.896788 0.440478 -0.0418481 58.5748 -0.439861 0.89776 0.0234525 54.5138 0.0478998 -0.00262457 0.998849 0
0.904006 0.426118 -0.0345831 59.3029 -0.425979 0.904658 0.0116736 54.1447 0.0362602 0.00417865 0.999334 0
0.910962 0.411747 -0.0247462 60.0247 -0.411929 0.911213 -0.00249767 53.7772 0.0215207 0.012469 0.999691 0
0.917346 0.397813 -0.0148455 60.7464 -0.398033 0.91721 -0.0172084 53.4073 0.00677068 0.0216951 0.999742 0
0.923081 0.384473 -0.0100783 61.4817 -0.384602 0.922639 -0.0286285 53.0261 -0.00170827 0.0303026 0.999539 0
0.928776 0.370532 -0.00903951 62.2296 -0.370612 0.928111 -0.0354576 52.6347 -0.00474854 0.0362823 0.99933 0
0.848313 0.52423 -0.0744814 62.9468 -0.516717 0.850326 0.0997414 52.2603 0.115621 -0.0461261 0.992222 0
0.870011 0.489773 -0.0566001 63.6916 -0.487248 0.871653 0.0530081 51.8649 0.0752976 -0.0185393 0.996989 0
0.888332 0.457711 -0.0369706 64.4311 -0.457617 0.889076 0.0114591 51.4731 0.0381146 0.00673893 0.999251 0
0.884517 0.466186 -0.017311 65.1874 -0.466487 0.883525 -0.0421157 51.0732 -0.00433901 0.0453274 0.998963 0
0.88027 0.474233 -0.0151231 65.9094 -0.47447 0.879681 -0.0322534 50.6724 -0.00199215 0.0355672 0.999365 0
0.868873 0.494768 -0.0162502 66.6251 -0.494922 0.868908 -0.00716056 50.2943 0.0105771 0.0142642 0.999842 0
0.864701 0.502044 -0.0156248 67.3265 -0.502122 0.864796 -0.00125484 49.8865 0.0128823 0.00893063 0.999877 0
0.85905 0.511652 -0.015673 68.02 -0.511612 0.85919 0.00673553 49.4753 0.0169124 0.00223237 0.999855 0
0.853748 0.520458 -0.0154183 68.707 -0.520304 0.853882 0.0130196 49.0577 0.0199415 -0.00309322 0.999796 0
0.848356 0.529233 -0.0143213 69.3874 -0.528962 0.848434 0.0189441 48.6324 0.0221765 -0.00849591 0.999718 0
0.842831 0.538023 -0.012946 70.0577 -0.537638 0.842819 0.0245512 48.2035 0.0241202 -0.0137323 0.999615 0
0.840714 0.541347 -0.0119631 70.7054 -0.540572 0.840379 0.0393047 47.8048 0.031331 -0.0265772 0.999156 0
0.835762 0.548993 -0.010417 71.3545 -0.548234 0.835366 0.0400472 47.3702 0.0306876 -0.0277589 0.999143 0
0.831422 0.555588 -0.00769218 71.9933 -0.554877 0.830924 0.0409526 46.937 0.0291444 -0.0297807 0.999132 0
0.837397 0.546503 -0.0100658 72.6045 -0.54527 0.836505 0.0542215 46.5346 0.0380523 -0.0399164 0.998478 0
0.833824 0.55196 -0.00879393 73.2313 -0.550838 0.832965 0.0524138 46.0823 0.0362554 -0.0388599 0.998587 0
0.840452 0.541724 -0.0132337 73.8203 -0.539993 0.839306 0.0630339 45.6608 0.0452541 -0.0458309 0.997924 0
0.837323 0.5466 -0.0108735 74.4338 -0.545085 0.836205 0.060361 45.196 0.0420858 -0.0446147 0.998117 0
0.835957 0.548749 -0.00705316 75.0378 -0.547609 0.834927 0.0549684 44.7319 0.0360527 -0.0420888 0.998463 0
0.835109 0.550075 -0.00326752 75.6314 -0.549252 0.834157 0.0500393 44.2704 0.030251 -0.0399936 0.998742 0
0.835028 0.550206 0.00154271 76.2112 -0.549721 0.834167 0.0444077 43.8151 0.0231465 -0.0379297 0.999012 0
0.835793 0.548998 0.0070982 76.7761 -0.54886 0.835108 0.0367105 43.3697 0.0142262 -0.0345783 0.999301 0
0.837212 0.546737 0.0124171 77.3299 -0.546849 0.836717 0.0293331 42.9344 0.00564789 -0.0313483 0.999493 0
0.839222 0.54355 0.0161202 77.8756 -0.543789 0.838884 0.0237986 42.5072 -0.000587289 -0.0287383 0.999587 0
0.833883 0.551888 -0.00759945 78.3683 -0.551036 0.833226 0.0457638 42.1319 0.0315886 -0.0339741 0.998923 0
0.836031 0.548657 -0.00517151 78.9039 -0.547988 0.835411 0.0423883 41.7084 0.027577 -0.032604 0.999088 0
0.841035 0.540978 -0.00154689 79.4223 -0.540542 0.840465 0.0378447 41.3026 0.0217733 -0.0309926 0.999282 0
0.846996 0.531597 0.00179802 79.9262 -0.531348 0.846486 0.0336131 40.9158 0.0163466 -0.0294255 0.999433 0
0.854154 0.519987 0.00587512 80.4155 -0.519909 0.853681 0.0303783 40.55 0.0107809 -0.0290023 0.999521 0
0.862578 0.505826 0.00993279 80.8897 -0.505898 0.862168 0.0270854 40.2064 0.00513676 -0.0283882 0.999584 0
0.872113 0.4891 0.0141573 81.3499 -0.489304 0.871801 0.0233486 39.8851 -0.000922484 -0.0272899 0.999627 0
0.882759 0.469461 0.0184991 81.7971 -0.469779 0.88254 0.0207392 39.5867 -0.00659001 -0.0269982 0.999614 0
0.894566 0.446394 0.0220022 82.2354 -0.446788 0.894452 0.0183475 39.3084 -0.0114897 -0.0262434 0.99959 0
0.907394 0.419535 0.0250084 82.6725 -0.420001 0.907354 0.0175661 39.0476 -0.0153218 -0.0264429 0.999533 0
0.920817 0.388989 0.0279951 83.1151 -0.389535 0.920844 0.0175779 38.8038 -0.0189416 -0.0270911 0.999453 0
0.934707 0.35404 0.031289 83.5642 -0.354661 0.934839 0.0170558 38.5778 -0.0232118 -0.0270392 0.999365 0
0.948676 0.314073 0.0370277 84.0176 -0.314803 0.949027 0.0157142 38.3743 -0.0302049 -0.0265641 0.999191 0
0.917096 0.394558 -0.0570796 84.3917 -0.389741 0.917454 0.0798723 38.2486 0.0838822 -0.0510043 0.99517 0
0.938125 0.343413 -0.0445914 84.8864 -0.340139 0.937948 0.0675193 38.075 0.0650115 -0.0481743 0.996721 0
0.958371 0.284093 -0.0285539 85.3805 -0.282262 0.957746 0.0552351 37.9341 0.0430393 -0.0448761 0.998065 0
0.975424 0.219923 -0.0135122 85.8746 -0.219122 0.974649 0.0452143 37.825 0.0231133 -0.0411423 0.998886 0
0.988525 0.151059 0.000160124 86.3667 -0.150965 0.987868 0.0364147 37.7479 0.00534261 -0.036021 0.999337 0
0.996944 0.0771628 0.0121657 86.8542 -0.0774445 0.996691 0.0246942 37.7003 -0.01022 -0.0255609 0.999621 0
0.999738 -0.00129223 0.0228503 87.3359 0.000967701 0.999899 0.0142078 37.6826 -0.0228664 -0.0141819 0.999638 0
0.99609 -0.08213 0.0325386 87.8116 0.0820348 0.99662 0.00425192 37.6984 -0.0327779 -0.001566 0.999461 0
0.985535 -0.163904 0.0430733 88.2823 0.164184 0.986425 -0.00303004 37.7494 -0.0419919 0.0100582 0.999067 0
0.968116 -0.24451 0.054456 88.7477 0.245233 0.969439 -0.00691325 37.836 -0.0511014 0.0200473 0.998492 0
0.944805 -0.321221 0.0645017 89.2079 0.322525 0.946501 -0.0106518 37.9547 -0.0576294 0.0308673 0.997861 0
0.917713 -0.391319 0.0683501 89.6648 0.393016 0.919441 -0.012901 38.1016 -0.0577955 0.0387021 0.997578 0
0.892028 -0.448052 0.0594649 90.1192 0.44959 0.89311 -0.0149171 38.2754 -0.046425 0.0400413 0.998119 0
0.848085 -0.521324 0.0947276 90.5693 0.524751 0.851143 -0.0138562 38.4766 -0.0734031 0.0614597 0.995407 0
0.909546 -0.415041 0.0216083 90.9431 0.415472 0.909336 -0.0221568 38.8915 -0.0104533 0.0291303 0.999521 0
0.877643 -0.478713 0.0240184 91.2846 0.479128 0.877597 -0.0160855 39.1468 -0.0133782 0.0256252 0.999582 0
0.847391 -0.530146 0.0295613 91.6751 0.530643 0.847508 -0.0121301 39.3658 -0.0186227 0.0259654 0.999489 0
0.817308 -0.575309 0.0320488 92.0556 0.57579 0.817561 -0.00773518 39.6108 -0.0217517 0.0247754 0.999456 0
0.789012 -0.613559 0.0317237 92.4256 0.6139 0.789383 -0.00131626 39.8816 -0.0242346 0.0205137 0.999496 0
0.76996 -0.637923 0.0147017 92.6827 0.637751 0.770097 0.0150044 40.2639 -0.0208934 -0.0021768 0.999779 0
0.744648 -0.667375 0.0104735 92.9937 0.667218 0.744709 0.015096 40.6328 -0.0178744 -0.00425311 0.999831 0
0.724975 -0.688678 0.0116025 93.3631 0.688558 0.725066 0.0129029 40.9478 -0.0172985 -0.0013653 0.999849 0
0.710483 -0.70356 0.0147609 93.728 0.703495 0.710629 0.0100678 41.2791 -0.0175729 0.00323123 0.99984 0
0.699623 -0.714351 0.015157 94.0889 0.714293 0.699777 0.00989345 41.6256 -0.0176739 0.00390483 0.999836 0
0.69094 -0.722806 0.0123844 94.4477 0.722703 0.691051 0.0121862 41.9864 -0.0173665 0.000530351 0.999849 0
0.688073 -0.725641 0.000837083 94.7444 0.72545 0.687918 0.0221694 42.466 -0.0166629 -0.0146469 0.999754 0
0.684347 -0.729135 -0.00555241 95.1125 0.729019 0.684051 0.0246216 42.8447 -0.0141543 -0.0208975 0.999681 0
0.675443 -0.737366 -0.00824739 95.4839 0.73722 0.674969 0.0303901 43.292 -0.0168419 -0.0266069 0.999504 0
0.676098 -0.736752 -0.00934958 95.8654 0.736668 0.675662 0.0282974 43.682 -0.014531 -0.0260194 0.999556 0
0.678725 -0.734319 -0.010386 96.2556 0.734332 0.678419 0.0224702 44.0811 -0.00945425 -0.0228778 0.999694 0
0.688747 -0.724987 -0.00466026 96.6552 0.724955 0.688616 0.0157583 44.5716 -0.00821546 -0.014232 0.999865 0
0.691778 -0.72207 -0.00763757 97.0556 0.72209 0.69164 0.014835 44.9868 -0.00542945 -0.0157775 0.999861 0
0.695397 -0.718564 -0.00941493 97.4643 0.718589 0.695172 0.0191084 45.415 -0.00718561 -0.0200534 0.999773 0
0.699146 -0.714936 -0.00779776 97.8854 0.714899 0.698863 0.0225931 45.8499 -0.010703 -0.0213705 0.999714 0
0.702309 -0.711868 -0.00260062 98.3211 0.711708 0.702062 0.0241021 46.2877 -0.0153317 -0.018778 0.999706 0
0.704292 -0.709877 0.00684311 98.7435 0.709611 0.704242 0.0222327 46.7797 -0.0206017 -0.0108024 0.999729 0
0.706439 -0.707658 0.0127899 99.1983 0.707283 0.706507 0.024487 47.2721 -0.0263646 -0.0082525 0.999618 0
0.707989 -0.706053 0.0155056 99.6589 0.70576 0.708149 0.0206836 47.7281 -0.0255839 -0.00370052 0.999666 0
0.70039 -0.713663 0.0118027 100.105 0.713506 0.700486 0.0151376 48.2022 -0.0190708 -0.00218092 0.999816 0
0.700535 -0.713576 0.00775051 100.584 0.713527 0.700577 0.00840025 48.6748 -0.0114241 -0.000354473 0.999935 0
0.700025 -0.714114 0.00251662 101.071 0.714098 0.700028 0.00499664 49.1584 -0.00532987 -0.00170065 0.999984 0
0.698695 -0.715417 0.00162902 101.568 0.715408 0.698695 0.00410036 49.6517 -0.00407166 -0.00169949 0.99999 0
0.697508 -0.716552 0.00595988 102.074 0.716523 0.697533 0.00651874 50.1558 -0.00882823 -0.000276482 0.999961 0
0.696223 -0.717732 0.0115944 102.589 0.717647 0.696319 0.011065 50.6698 -0.0160151 0.000617 0.999872 0
0.694897 -0.719005 0.0122719 103.108 0.718867 0.695004 0.0141127 51.1943 -0.0186761 -0.00098507 0.999825 0
0.693964 -0.719963 0.00817259 103.63 0.719818 0.693996 0.015204 51.73 -0.016618 -0.00466823 0.999851 0
0.69229 -0.721611 0.00334545 104.16 0.72153 0.69227 0.0125143 52.2735 -0.0113464 -0.00624972 0.999916 0
0.689739 -0.724058 0.000381271 104.698 0.72403 0.689717 0.00850107 52.8244 -0.00641823 -0.00558747 0.999964 0
0.687485 -0.726198 0.000939911 105.244 0.726182 0.687478 0.00587259 53.3856 -0.00491083 -0.00335477 0.999982 0
0.615454 -0.788121 0.00905944 105.76 0.788069 0.615145 -0.0233129 53.9454 0.0128005 0.0214875 0.999687 0
0.732893 -0.680183 0.0148065 106.334 0.680344 0.732717 -0.016047 54.5412 6.59188e-05 0.0218343 0.999762 0
0.732053 -0.681008 0.0180672 106.892 0.681243 0.731888 -0.0157633 55.1415 -0.00248822 0.0238477 0.999713 0
0.731403 -0.681599 0.0217082 107.456 0.681933 0.731212 -0.0172228 55.7454 -0.00413425 0.0274004 0.999616 0
0.730945 -0.682002 0.0243333 108.026 0.682409 0.73077 -0.0171453 56.3532 -0.00608891 0.0291376 0.999557 0
0.812746 -0.582011 0.0265737 108.596 0.582337 0.812925 -0.00606509 56.982 -0.0180725 0.0204042 0.999628 0
0.813564 -0.580827 0.0274482 109.165 0.58124 0.813672 -0.0099384 57.5972 -0.0165613 0.0240395 0.999574 0
0.814406 -0.57991 0.0211535 109.741 0.580147 0.814481 -0.00704521 58.214 -0.0131436 0.0180098 0.999751 0
0.815681 -0.578251 0.0170295 110.322 0.578332 0.815801 0.000155241 58.8355 -0.0139824 0.00972206 0.999855 0
0.817863 -0.575237 0.0141981 110.91 0.575216 0.81798 0.00597348 59.46 -0.0150499 0.00328148 0.999881 0
0.551224 -0.834333 -0.00635702 111.482 0.834341 0.551149 0.0105137 60.0975 -0.00526829 -0.0110993 0.999925 0
0.55541 -0.831532 -0.0086385 112.087 0.831572 0.555342 0.00913241 60.7096 -0.00279657 -0.0122558 0.999921 0
0.559207 -0.829011 -0.00524527 112.699 0.829027 0.559185 0.00511524 61.3191 -0.00130752 -0.00720895 0.999973 0
0.561812 -0.827265 -0.000683735 113.315 0.827264 0.56181 0.00204145 61.9258 -0.00130469 -0.00171254 0.999998 0
0.564938 -0.825126 0.0033448 113.931 0.825133 0.564936 -0.00169589 62.5315 -0.000490276 0.00371798 0.999993 0
0.567811 -0.823151 0.00358426 114.544 0.823157 0.567813 -0.000316943 63.1389 -0.0017743 0.00313037 0.999994 0
0.611516 -0.791191 -0.00810545 115.119 0.791225 0.611522 0.00194271 63.7519 0.0034196 -0.00760123 0.999965 0
0.612006 -0.790826 -0.00662392 115.736 0.790845 0.61194 0.00966397 64.3629 -0.00358907 -0.0111529 0.999931 0
0.612298 -0.790582 -0.00848308 116.351 0.790619 0.612209 0.0110399 64.9704 -0.00353452 -0.0134666 0.999903 0
0.612845 -0.790116 -0.0117033 116.963 0.790179 0.612875 0.00124443 65.571 0.00618941 -0.0100103 0.999931 0
0.612346 -0.790476 -0.0134391 117.577 0.790336 0.612492 -0.0149328 66.1636 0.0200354 -0.00147741 0.999798 0
0.611405 -0.791292 -0.00635098 118.189 0.791187 0.61143 -0.0132902 66.7582 0.0143996 0.00310087 0.999892 0
0.610518 -0.791998 0.00268451 118.8 0.792001 0.610506 -0.00415028 67.3566 0.0016481 0.00465995 0.999988 0
0.608664 -0.793127 0.0218499 119.41 0.793013 0.609005 0.0155827 67.9542 -0.0256657 0.0078426 0.99964 0
0.607381 -0.794023 0.0248098 120.012 0.793738 0.607856 0.0221652 68.5499 -0.0326804 0.00622974 0.999446 0
0.606603 -0.794837 0.016359 120.606 0.794694 0.606812 0.0154898 69.1417 -0.0222387 0.0036042 0.999746 0
0.605259 -0.795999 0.00680649 121.197 0.795977 0.605295 0.00618593 69.732 -0.00904393 0.00167372 0.999958 0
0.603886 -0.797051 0.00561499 121.79 0.797065 0.603893 -0.000666901 70.3208 -0.0028593 0.00487825 0.999984 0
0.602325 -0.798203 0.00879929 122.384 0.798244 0.60233 -0.0023493 70.9078 -0.00342486 0.00843902 0.999959 0
0.599656 -0.800202 0.0094669 122.972 0.800251 0.599658 -0.00295864 71.4955 -0.0033094 0.00935007 0.999951 0
0.595916 -0.802999 0.00881799 123.556 0.803046 0.595895 -0.00510846 72.081 -0.0011525 0.0101255 0.999948 0
0.59234 -0.805658 0.00698999 124.134 0.805688 0.592317 -0.00520081 72.6674 4.9773e-05 0.0087124 0.999962 0
0.591976 -0.805933 0.0059209 124.703 0.805893 0.592006 0.0080311 73.2576 -0.00997774 1.73897e-05 0.99995 0
0.590211 -0.807243 0.00312419 125.27 0.807187 0.590209 0.0101141 73.848 -0.0100085 -0.00344765 0.999944 0
0.58787 -0.808943 -0.00454533 125.838 0.808856 0.5877 0.018976 74.437 -0.0126792 -0.0148319 0.99981 0
0.586636 -0.80985 -0.00128895 126.404 0.809699 0.586495 0.0202884 75.0255 -0.0156746 -0.0129456 0.999793 0
0.584778 -0.811193 -0.000419961 126.968 0.811069 0.584679 0.0178196 75.6117 -0.0142096 -0.0107611 0.999841 0
0.581819 -0.813318 0.000683723 127.529 0.813245 0.581778 0.0128724 76.1961 -0.0108671 -0.00693338 0.999917 0
0.577204 -0.816594 0.00308825 128.088 0.816568 0.57721 0.00670148 76.7801 -0.00725496 -0.00134635 0.999973 0
0.571447 -0.820621 0.00536692 128.642 0.8206 0.571472 0.00605074 77.3685 -0.00803241 0.000946412 0.999967 0
0.565656 -0.824586 0.00955051 129.189 0.824544 0.565729 0.00881581 77.9625 -0.0126724 0.0028881 0.999916 0
0.560959 -0.827676 0.0166302 129.732 0.827577 0.561175 0.0141135 78.5606 -0.0210139 0.0058457 0.999762 0
0.66517 -0.74668 0.00430828 130.137 0.746472 0.665102 0.0204664 79.3718 -0.0181473 -0.0103976 0.999781 0
0.662128 -0.749389 0.00156144 130.67 0.749172 0.661984 0.0227614 79.9744 -0.0180908 -0.0139012 0.99974 0
0.657736 -0.753241 -0.00352968 131.201 0.753162 0.657582 0.0182525 80.5755 -0.0114274 -0.0146637 0.999827 0
0.652339 -0.757897 -0.00677658 131.732 0.75792 0.652269 0.0100926 81.1792 -0.00322897 -0.0117199 0.999926 0
0.631442 -0.775402 -0.00562492 132.259 0.775396 0.631344 0.0128697 81.9839 -0.00642793 -0.012488 0.999901 0
0.625724 -0.780019 -0.00629011 132.776 0.779997 0.625575 0.016141 82.596 -0.00865534 -0.0150061 0.99985 0
0.619929 -0.784595 -0.00994071 133.285 0.784591 0.619661 0.0209286 83.2189 -0.0102606 -0.0207737 0.999732 0
0.613018 -0.789922 -0.0152276 133.792 0.79004 0.612716 0.0204138 83.846 -0.00679517 -0.0245444 0.999676 0
0.605724 -0.795478 -0.0176792 134.296 0.795671 0.605506 0.016415 84.478 -0.00235294 -0.0240098 0.999709 0
0.599065 -0.800519 -0.0170292 134.796 0.800699 0.598887 0.0146852 85.1184 -0.00155722 -0.0224327 0.999747 0
0.592756 -0.805233 -0.0154825 135.289 0.805361 0.592492 0.0186367 85.7682 -0.00583365 -0.0235161 0.999706 0
0.587205 -0.809243 -0.0177778 135.706 0.809165 0.586293 0.0388916 86.538 -0.0210497 -0.0372225 0.999085 0
0.581193 -0.813584 -0.0172045 136.159 0.81332 0.580046 0.0453592 87.2421 -0.0269241 -0.0403552 0.998823 0
0.575476 -0.817673 -0.0154292 136.641 0.817267 0.574292 0.0475757 87.8966 -0.0300405 -0.0399884 0.998748 0
0.57095 -0.82085 -0.0149137 137.117 0.820423 0.569792 0.0473617 88.5569 -0.0303791 -0.0392767 0.998766 0
0.56739 -0.823268 -0.0172848 137.587 0.82302 0.566291 0.0441974 89.2213 -0.0265981 -0.0393029 0.998873 0
0.563842 -0.825536 -0.0239035 138.05 0.82562 0.562698 0.0414881 89.8905 -0.0207995 -0.0431279 0.998853 0
0.561125 -0.827211 -0.0293462 138.508 0.827599 0.56005 0.0377247 90.5641 -0.0147709 -0.0454552 0.998857 0
0.558603 -0.828927 -0.0290299 138.966 0.829298 0.557534 0.0376857 91.2407 -0.0150536 -0.0451258 0.998868 0
0.556352 -0.830512 -0.0268769 139.422 0.830676 0.555055 0.0434933 91.9227 -0.0212035 -0.0465236 0.998692 0
0.549068 -0.834906 0.0381652 139.983 0.833401 0.550377 0.0502779 92.6594 -0.0629826 0.00420091 0.998006 0
0.546015 -0.837305 0.0280785 140.324 0.835799 0.546721 0.0503585 93.3581 -0.0575165 -0.00402856 0.998336 0
0.541233 -0.84029 0.0313029 140.734 0.839281 0.542124 0.041348 94.0429 -0.0517144 0.00389296 0.998654 0
0.536626 -0.843155 0.0334873 141.153 0.842755 0.53752 0.0289294 94.728 -0.042392 0.0126973 0.99902 0
0.531305 -0.846644 0.0301536 141.57 0.846355 0.532021 0.0252189 95.4211 -0.0373938 0.0121218 0.999227 0
0.533413 -0.845562 0.0222444 141.989 0.84499 0.533872 0.0311729 96.126 -0.0382343 0.00216833 0.999266 0
0.525702 -0.850254 0.0265616 142.411 0.849655 0.526343 0.0324019 96.831 -0.0415304 0.00553445 0.999122 0
0.519796 -0.853559 0.0353427 142.834 0.853188 0.520782 0.0292683 97.5425 -0.0433881 0.0149405 0.998947 0
0.514892 -0.856139 0.043729 143.257 0.856125 0.516162 0.0250294 98.2593 -0.0439999 0.0245501 0.99873 0
0.509172 -0.859519 0.0443966 143.677 0.859749 0.510332 0.0198145 98.9791 -0.039688 0.0280809 0.998817 0
0.503743 -0.862763 0.0433802 144.096 0.863326 0.504556 0.00962392 99.7019 -0.0301909 0.0326033 0.999012 0
0.498354 -0.865625 0.0483288 144.519 0.86676 0.498693 -0.00563141 100.425 -0.0192265 0.0446959 0.998816 0
0.492111 -0.869136 0.0492843 144.942 0.870363 0.492343 -0.00815858 101.155 -0.0171739 0.0469102 0.998751 0
0.486186 -0.872633 0.0462112 145.357 0.873521 0.486783 0.00193074 101.897 -0.0241796 0.0394278 0.99893 0
0.515281 -0.854601 0.0643682 145.799 0.856452 0.516222 -0.00232863 102.613 -0.0312382 0.0563282 0.997923 0
0.507168 -0.85959 0.0623367 146.198 0.861168 0.508313 0.002944 103.371 -0.0342172 0.0521892 0.998051 0
0.501751 -0.862767 0.0622842 146.598 0.864601 0.50243 -0.00537472 104.126 -0.0266563 0.0565478 0.998044 0
0.544951 -0.835205 0.0739044 147.03 0.838349 0.544238 -0.0312397 104.842 -0.01413 0.0789818 0.996776 0
0.592145 -0.800894 0.0890646 147.455 0.805794 0.589556 -0.0558621 105.573 -0.00776893 0.104846 0.994458 0
0.580661 -0.809897 0.0830712 147.845 0.814119 0.578445 -0.051108 106.35 -0.00665995 0.0973062 0.995232 0
0.565899 -0.820708 0.0787197 148.245 0.824398 0.564563 -0.0404556 107.124 -0.01124 0.0877901 0.996076 0
0.552447 -0.829916 0.0777304 148.644 0.833373 0.551834 -0.0311202 107.9 -0.0170672 0.0819707 0.996489 0
0.539032 -0.838633 0.0783582 149.046 0.842082 0.538608 -0.0282639 108.67 -0.0185013 0.0812192 0.996525 0
0.525645 -0.847289 0.0761471 149.453 0.850603 0.52485 -0.0317229 109.433 -0.0130874 0.081446 0.996592 0
0.512507 -0.855522 0.0736149 149.865 0.858683 0.510636 -0.0437573 110.188 -0.00015506 0.0856378 0.996326 0
0.498176 -0.864106 0.0717086 150.284 0.867008 0.495396 -0.0536622 110.937 0.0108457 0.0889052 0.995981 0
0.483422 -0.872895 0.0660156 150.704 0.875285 0.480832 -0.0517422 111.683 0.0134231 0.0827957 0.996476 0
0.468318 -0.881628 0.0584084 151.119 0.883527 0.466699 -0.0396532 112.43 0.00770018 0.0701756 0.997505 0
0.452749 -0.890061 0.0530182 151.533 0.891638 0.451916 -0.0274535 113.173 0.000475513 0.0597026 0.998216 0
0.547813 -0.834172 0.0637009 151.926 0.836378 0.544322 -0.0646851 113.863 0.0192846 0.0887134 0.99587 0
0.642477 -0.763361 0.0671032 152.308 0.764892 0.633514 -0.116618 114.561 0.0465112 0.126251 0.990907 0
0.62477 -0.778309 0.0624277 152.724 0.778938 0.615745 -0.1188 115.312 0.0540237 0.12285 0.990954 0
0.597469 -0.800189 0.052229 153.141 0.8001 0.590517 -0.105492 116.051 0.0535712 0.104817 0.993048 0
0.569522 -0.820968 0.0407075 153.557 0.820498 0.564831 -0.0880276 116.779 0.0492749 0.083534 0.995286 0
0.540549 -0.84072 0.0315725 153.97 0.840087 0.537356 -0.0741802 117.496 0.0453991 0.0666217 0.996745 0
0.637019 -0.770845 0.00240584 154.309 0.766405 0.633009 -0.109188 118.161 0.0826437 0.0713984 0.994018 0
0.731988 -0.680631 -0.0305829 154.662 0.670055 0.72729 -0.148581 118.834 0.123372 0.0882675 0.988427 0
0.806083 -0.587215 -0.0735462 155.034 0.568488 0.802862 -0.179538 119.515 0.164475 0.102913 0.980998 0
0.779068 -0.622402 -0.0752854 155.477 0.60491 0.777807 -0.170586 120.22 0.16473 0.087357 0.982463 0
0.740176 -0.668319 -0.0740964 155.902 0.653789 0.741047 -0.153002 120.906 0.157163 0.0648048 0.985444 0
0.662759 -0.74398 -0.0851136 156.31 0.734042 0.667938 -0.122647 121.576 0.148098 0.0188086 0.988794 0
0.595261 -0.798104 -0.093244 156.701 0.791682 0.602376 -0.101899 122.231 0.137494 -0.0131632 0.990415 0
0.528706 -0.843313 -0.0964002 157.074 0.839531 0.536289 -0.0870697 122.873 0.125125 -0.0348967 0.991527 0
0.460398 -0.882682 -0.0943767 157.428 0.880684 0.467516 -0.0763194 123.504 0.111488 -0.0479788 0.992607 0
0.389811 -0.916777 -0.0869887 157.766 0.915746 0.395873 -0.0685118 124.125 0.0972466 -0.0529529 0.993851 0
0.317155 -0.945486 -0.0739535 158.087 0.944728 0.321805 -0.0626903 124.737 0.0830714 -0.0499835 0.995289 0
0.625556 -0.76876 -0.132992 158.341 0.772985 0.633813 -0.0278586 125.344 0.105709 -0.0853736 0.990726 0
0.555388 -0.82463 -0.107377 158.667 0.827231 0.561056 -0.0300724 125.935 0.085043 -0.0721235 0.993764 0
0.446567 -0.892362 -0.0653299 158.975 0.892837 0.449195 -0.0326497 126.521 0.0584812 -0.0437487 0.997329 0
0.603978 -0.792803 -0.0816907 159.223 0.79493 0.606621 -0.0099221 127.099 0.0574216 -0.0589456 0.996608 0
0.488953 -0.871931 -0.0257262 159.524 0.871962 0.489379 -0.0138202 127.673 0.0246401 -0.0156749 0.999573 0
0.336705 -0.940392 0.0478841 159.813 0.941543 0.336852 -0.00520716 128.238 -0.0112331 0.0468383 0.998839 0
0.268293 -0.959994 0.0801928 160.109 0.962999 0.269475 0.00409771 128.805 -0.0255437 0.0761262 0.996771 0
0.294309 -0.953233 0.0687665 160.426 0.955443 0.295165 0.00239824 129.382 -0.0225835 0.0649967 0.99763 0
0.344673 -0.937213 0.0532213 160.748 0.938645 0.34482 -0.00669609 129.965 -0.0120761 0.0522639 0.99856 0
0.362071 -0.930959 0.0471083 161.07 0.932129 0.361944 -0.0115123 130.556 -0.00633309 0.0480793 0.998823 0
0.386769 -0.921164 0.0432018 161.409 0.922167 0.386555 -0.0135344 131.141 -0.00423243 0.045074 0.998975 0
0.416502 -0.908204 0.0411332 161.765 0.909121 0.416314 -0.0134505 131.713 -0.00490849 0.0429972 0.999063 0
0.555185 -0.8317 -0.00659898 162.045 0.831634 0.555225 -0.0104888 132.373 0.0123875 0.000335292 0.999923 0
0.558489 -0.829507 -0.00274791 162.403 0.829445 0.558483 -0.010874 132.934 0.0105547 0.00379376 0.999937 0
0.56028 -0.828297 -0.00327183 162.76 0.828255 0.560285 -0.00861 133.493 0.0089648 0.0021141 0.999958 0
0.668663 -0.743482 -0.0111972 163.052 0.743543 0.668685 0.00218832 134.162 0.00586041 -0.00978883 0.999935 0
0.517733 -0.855537 -0.00309584 163.354 0.855526 0.517742 -0.00439509 134.774 0.005363 -0.000373089 0.999986 0
0.517437 -0.855721 0.000252213 163.715 0.855721 0.517437 -0.000533405 135.331 0.000325942 0.000491828 1 0
0.516994 -0.855987 -0.00183256 164.072 0.855989 0.516991 0.00166682 135.89 -0.00047936 -0.00243039 0.999997 0
0.517188 -0.855804 -0.0107845 164.423 0.855856 0.517214 0.000350417 136.453 0.005278 -0.00941119 0.999942 0
0.51672 -0.85598 -0.0172962 164.778 0.856048 0.516869 -0.005338 137.014 0.0135091 -0.0120482 0.999836 0
0.524621 -0.851134 -0.0185533 165.128 0.851025 0.524894 -0.0155817 137.577 0.0230007 -0.00761487 0.999706 0
0.520999 -0.853428 -0.0148273 165.49 0.853246 0.5212 -0.0179404 138.143 0.0230388 -0.00330442 0.999729 0
0.529653 -0.848021 -0.0180944 165.833 0.847993 0.529882 -0.0115163 138.715 0.019354 -0.00924425 0.99977 0
0.52552 -0.850686 -0.0127502 166.189 0.850761 0.525552 0.000995888 139.298 0.0058537 -0.0113707 0.999918 0
0.520901 -0.853616 -0.00139383 166.55 0.853576 0.520859 0.0107188 139.881 -0.00842374 -0.00677316 0.999942 0
0.516489 -0.85627 0.00638373 166.91 0.856173 0.516527 0.0129465 140.464 -0.0143831 -0.00122115 0.999896 0
0.513203 -0.858257 0.00412219 167.26 0.858178 0.513213 0.0119267 141.052 -0.0123518 -0.00258326 0.99992 0
0.509477 -0.860484 -0.00108664 167.608 0.860457 0.50945 0.00865135 141.644 -0.00689075 -0.00534266 0.999962 0
0.505542 -0.862802 -0.000850354 167.962 0.862802 0.505541 0.000368759 142.236 0.000111723 -0.000920111 1 0
0.502984 -0.864279 0.00534469 168.319 0.864296 0.502974 -0.00305943 142.832 -4.40432e-05 0.00615824 0.999981 0
0.500697 -0.865494 0.0149208 168.676 0.865605 0.500722 -0.00229726 143.432 -0.00548291 0.0140658 0.999886 0
0.498027 -0.866886 0.0218591 169.03 0.867106 0.498122 -0.00125433 144.033 -0.00980116 0.0195789 0.99976 0
0.490306 -0.871455 0.0129378 169.353 0.87155 0.490272 -0.00589191 144.617 -0.0012085 0.0141647 0.999899 0
0.488439 -0.872471 0.0148664 169.708 0.872596 0.488329 -0.0105916 145.224 0.00198113 0.0181457 0.999833 0
0.485801 -0.87384 0.0200119 170.062 0.874062 0.485578 -0.0151421 145.827 0.00351443 0.0248477 0.999685 0
0.483349 -0.87503 0.0263803 170.413 0.875427 0.483089 -0.0158785 146.429 0.00115018 0.0307689 0.999526 0
0.480873 -0.876281 0.0298739 170.759 0.876781 0.480744 -0.0118211 147.032 -0.00400314 0.0318773 0.999484 0
0.478475 -0.877443 0.0340011 171.1 0.878048 0.478513 -0.00754029 147.633 -0.0096538 0.0334624 0.999393 0
0.476185 -0.878586 0.0365397 171.439 0.879257 0.476315 -0.00562536 148.231 -0.012462 0.0348065 0.999316 0
