0.478682 -0.87775 0.0204598 0.683951 0.877971 0.478688 -0.00496789 0.553054 -0.0054333 0.0203412 0.999778 0
0.478244 -0.878058 0.0172531 1.09667 0.878224 0.478207 -0.00646481 1.35119 -0.00257409 0.0182438 0.99983 0
0.477081 -0.878739 0.0145729 1.50883 0.878859 0.477035 -0.0066591 2.14504 -0.0011002 0.0159845 0.999872 0
0.475519 -0.879602 0.0135132 1.91524 0.879705 0.475477 -0.00633601 2.91859 -0.000852042 0.0149005 0.999889 0
0.474497 -0.88013 0.0149374 2.35198 0.880255 0.474462 -0.0060797 3.6841 -0.0017363 0.0160335 0.99987 0
0.473013 -0.880907 0.0161515 2.78273 0.881051 0.472991 -0.00538665 4.47396 -0.00289435 0.0167782 0.999855 0
0.471837 -0.881532 0.0164976 3.20413 0.881678 0.47183 -0.00455736 5.28789 -0.00376661 0.0166959 0.999854 0
0.470459 -0.882267 0.0165462 3.62589 0.882417 0.470439 -0.00531514 6.10964 -0.0030946 0.0171012 0.999849 0
0.46904 -0.88302 0.0166285 4.04898 0.883174 0.469003 -0.00633352 6.91137 -0.00220618 0.0176565 0.999842 0
0.467969 -0.883582 0.0170051 4.49163 0.883741 0.467937 -0.00604075 7.71893 -0.00261985 0.017855 0.999837 0
0.467697 -0.883728 0.016886 4.92627 0.883875 0.467712 -0.00327131 8.53962 -0.00500685 0.0164551 0.999852 0
0.46859 -0.883249 0.017171 5.36364 0.88337 0.468676 0.00113936 9.37905 -0.00905395 0.0146344 0.999852 0
0.47 -0.882472 0.01853 5.78942 0.882576 0.470149 0.00444218 10.207 -0.012632 0.0142663 0.999819 0
0.471645 -0.881551 0.0204701 6.21005 0.88167 0.471835 0.00547062 11.0464 -0.0144812 0.0154677 0.999776 0
0.473706 -0.880437 0.0208269 6.64772 0.880586 0.473872 0.00364799 11.8935 -0.0130811 0.0166118 0.999776 0
0.474844 -0.879887 0.0179679 7.10387 0.880035 0.474908 -0.000775598 12.7414 -0.00785067 0.0161807 0.999838 0
0.475663 -0.87951 0.0143721 7.56672 0.879623 0.475652 -0.00436957 13.5937 -0.00299302 0.0147204 0.999887 0
0.476221 -0.879243 0.0120663 8.05072 0.879323 0.476208 -0.00405326 14.4477 -0.00218226 0.0125404 0.999919 0
0.476146 -0.879256 0.0139007 8.47966 0.879333 0.476207 0.0011932 15.2788 -0.00766875 0.0116552 0.999903 0
0.475188 -0.879663 0.0197399 8.93454 0.879788 0.475348 0.00412822 16.1494 -0.0130148 0.0154053 0.999797 0
0.474052 -0.879953 0.0309515 9.41895 0.880396 0.474236 -0.00157085 17.0108 -0.013296 0.0279942 0.99952 0
0.473062 -0.88026 0.0368203 9.89744 0.880967 0.473113 -0.00787468 17.8886 -0.0104884 0.0361627 0.999291 0
0.471957 -0.880926 0.0350233 10.3719 0.881598 0.471864 -0.0113949 18.7694 -0.00648818 0.0362544 0.999322 0
0.470491 -0.881982 0.0273243 10.8275 0.882396 0.470398 -0.0101163 19.6356 -0.00393094 0.0288705 0.999575 0
0.469108 -0.882853 0.0225437 11.2918 0.883132 0.469065 -0.00751873 20.5006 -0.00393651 0.0234361 0.999718 0
0.468418 -0.883196 0.023437 11.7747 0.88348 0.468446 -0.00461862 21.4046 -0.00689981 0.0228696 0.999715 0
0.467258 -0.883828 0.0227828 12.2418 0.884071 0.467351 -0.00135122 22.2999 -0.00945333 0.020773 0.99974 0
0.466274 -0.884323 0.0237109 12.6953 0.884561 0.466423 0.000907621 23.2101 -0.0118619 0.0205505 0.999718 0
0.465975 -0.88446 0.0244506 13.1661 0.884675 0.466193 0.00381165 24.1091 -0.0147699 0.0198547 0.999694 0
0.465343 -0.884794 0.0243926 13.6252 0.884958 0.46562 0.00690623 25.0085 -0.0174683 0.0183727 0.999679 0
0.465653 -0.88463 0.0244305 14.0977 0.884786 0.465939 0.00738692 25.9104 -0.0179178 0.018176 0.999674 0
0.465879 -0.884468 0.0259653 14.5735 0.884696 0.466143 0.004893 26.7999 -0.0164313 0.0206919 0.999651 0
0.465878 -0.884498 0.0249301 15.0119 0.88474 0.466078 0.00255444 27.672 -0.0138788 0.0208666 0.999686 0
0.465464 -0.884798 0.021815 15.4731 0.884973 0.465633 0.00311397 28.5547 -0.012913 0.0178562 0.999757 0
0.464494 -0.885264 0.0235113 15.927 0.885472 0.464684 0.00304369 29.4368 -0.0136198 0.0194048 0.999719 0
0.463506 -0.885701 0.0263934 16.3824 0.88597 0.463734 0.00292455 30.331 -0.0148298 0.0220282 0.999647 0
0.462942 -0.885932 0.0284361 16.8509 0.886273 0.463162 0.00128815 31.233 -0.0143117 0.0246058 0.999595 0
0.462661 -0.88626 0.022084 17.2969 0.886484 0.462758 -0.000824355 32.1098 -0.00948897 0.0199586 0.999756 0
0.462596 -0.886432 0.0155793 17.7466 0.886547 0.462638 -0.000992809 32.9667 -0.0063275 0.014271 0.999878 0
0.462134 -0.886705 0.0136827 18.199 0.886787 0.462179 0.000103863 33.8307 -0.00641594 0.0120856 0.999906 0
0.461883 -0.886741 0.018826 18.6529 0.886881 0.461994 0.00182158 34.6907 -0.0103128 0.0158551 0.999821 0
0.461928 -0.886588 0.0241842 19.0878 0.886812 0.462121 0.00279716 35.5733 -0.013656 0.0201548 0.999704 0
0.461802 -0.886579 0.0267585 19.5301 0.886866 0.462022 0.00233759 36.4376 -0.0144355 0.0226517 0.999639 0
0.461391 -0.886771 0.027507 19.9926 0.887103 0.461572 0.000273972 37.2638 -0.0129394 0.0242751 0.999622 0
0.460501 -0.887251 0.0269278 20.4415 0.887576 0.460661 -0.000266579 38.1387 -0.0121681 0.0240232 0.999637 0
0.459713 -0.887628 0.0279305 20.8865 0.887961 0.459918 0.00102363 39.0071 -0.0137543 0.0243306 0.999609 0
0.458844 -0.887997 0.0303907 21.3325 0.888337 0.459171 0.00441895 39.8608 -0.0178785 0.0249696 0.999528 0
0.458472 -0.888073 0.033604 21.7682 0.888433 0.458944 0.00757512 40.7175 -0.0221496 0.026382 0.999407 0
0.457804 -0.88835 0.0353394 22.1837 0.888807 0.458251 0.00530732 41.5433 -0.020909 0.0289802 0.999361 0
0.456348 -0.889223 0.0320751 22.5863 0.889685 0.456574 -0.000314466 42.3645 -0.014365 0.0286802 0.999485 0
0.455703 -0.889752 0.026006 23.0109 0.890096 0.455752 -0.00436585 43.1931 -0.00796774 0.0251373 0.999652 0
0.454768 -0.890402 0.0192657 23.4363 0.890594 0.454785 -0.00376519 44.0407 -0.00540923 0.0188702 0.999807 0
0.45412 -0.89082 0.0146412 23.8582 0.890915 0.454169 5.08006e-05 44.8926 -0.00669484 0.013021 0.999893 0
0.452898 -0.891388 0.0176364 24.2516 0.891501 0.453011 0.00282615 45.6535 -0.0105087 0.0144429 0.99984 0
0.451573 -0.892042 0.01852 24.6353 0.892156 0.451711 0.0038952 46.42 -0.0118404 0.0147638 0.999821 0
0.450364 -0.892673 0.0175027 25.0192 0.892764 0.450501 0.00464149 47.1952 -0.0120283 0.0135354 0.999836 0
0.449115 -0.893308 0.0172121 25.4029 0.893396 0.449247 0.00457545 47.9616 -0.0118198 0.0133223 0.999841 0
0.447758 -0.893981 0.0176647 25.7636 0.894079 0.447889 0.00415321 48.7154 -0.0116247 0.013934 0.999835 0
0.446637 -0.894539 0.0177746 26.1297 0.894634 0.446775 0.00458942 49.4396 -0.0120466 0.0138519 0.999831 0
0.445498 -0.895127 0.0167141 26.4724 0.895175 0.445657 0.00723391 50.1713 -0.013924 0.0117394 0.999834 0
0.44419 -0.895803 0.0152607 26.8196 0.895769 0.44437 0.0115601 50.8913 -0.017137 0.00853516 0.999817 0
0.442619 -0.896603 0.0138405 27.1684 0.896491 0.442799 0.0152685 51.5964 -0.0198184 0.00564976 0.999788 0
0.441485 -0.897164 0.0137247 27.503 0.897076 0.441655 0.0139874 52.2959 -0.0186106 0.00613687 0.999808 0
0.440545 -0.89761 0.0147342 27.7982 0.897655 0.440662 0.00575301 52.9298 -0.0116568 0.0106918 0.999875 0
0.439394 -0.89819 0.0136904 28.1069 0.898281 0.439419 -0.00131371 53.5727 -0.00483586 0.0128751 0.999905 0
0.439016 -0.898433 0.00912929 28.4048 0.898478 0.439007 -0.00301077 54.2064 -0.00130285 0.00952424 0.999954 0
0.438473 -0.89873 0.00504863 28.7178 0.898736 0.438486 0.00185385 54.8444 -0.00387987 0.00372452 0.999986 0
0.437447 -0.899231 0.00481733 29.0028 0.899215 0.43747 0.00568881 55.4669 -0.00722299 0.00184326 0.999972 0
0.436288 -0.899768 0.0084188 29.2955 0.899782 0.436327 0.00342158 56.0503 -0.00675198 0.00608229 0.999959 0
0.436475 -0.899621 0.0131211 29.5635 0.899713 0.436467 -0.00361778 56.59 -0.00247231 0.0133843 0.999907 0
0.437307 -0.899169 0.0160381 29.8209 0.899309 0.437185 -0.0106716 57.1212 0.002584 0.01909 0.999814 0
0.439682 -0.898036 0.0145133 30.0745 0.89814 0.439531 -0.0125039 57.6583 0.00484989 0.0185327 0.999816 0
0.443556 -0.896194 0.00969828 30.3279 0.896244 0.443502 -0.00726472 58.182 0.00220939 0.0119143 0.999927 0
0.447753 -0.894125 0.00760945 30.5894 0.894157 0.447747 -0.00257993 58.689 -0.00110033 0.00795921 0.999968 0
0.452575 -0.891659 0.0109505 30.8497 0.891708 0.45261 0.000795442 59.1677 -0.00566558 0.00940467 0.99994 0
0.459143 -0.888213 0.0162626 31.094 0.888309 0.45924 0.00257548 59.6557 -0.009756 0.0132637 0.999864 0
0.468079 -0.883463 0.0199096 31.3173 0.883603 0.468226 0.0032359 60.1429 -0.012181 0.0160775 0.999797 0
0.481373 -0.876346 0.0172682 31.5815 0.876439 0.481499 0.00377249 60.5976 -0.0116206 0.0133185 0.999844 0
0.496916 -0.867688 0.0138836 31.8224 0.867719 0.497023 0.00563317 61.0391 -0.0117883 0.00924781 0.999888 0
0.518969 -0.85467 0.014501 32.1008 0.854682 0.519101 0.00732378 61.3909 -0.0137869 0.00859288 0.999868 0
0.543537 -0.839168 0.0191133 32.3334 0.839246 0.54372 0.0058454 61.7404 -0.0152976 0.0128636 0.9998 0
0.569272 -0.821858 0.0218701 32.5761 0.821962 0.569509 0.00621387 62.0904 -0.0175621 0.014439 0.999742 0
0.59659 -0.802215 0.0230585 32.8214 0.802302 0.596871 0.00749804 62.437 -0.019778 0.0140266 0.999706 0
0.626185 -0.779344 0.0226893 33.0855 0.779395 0.626475 0.00855988 62.7792 -0.0208853 0.0123238 0.999706 0
0.658495 -0.752253 0.0223688 33.3655 0.752271 0.658788 0.00932373 63.1083 -0.0217501 0.0106878 0.999706 0
0.695525 -0.71816 0.0221788 33.6894 0.718156 0.695817 0.00957692 63.4038 -0.0223101 0.00926686 0.999708 0
0.732464 -0.680456 0.021821 34.0128 0.680437 0.732746 0.00942915 63.6694 -0.0224054 0.00794131 0.999717 0
0.768714 -0.639248 0.0209941 34.3402 0.639224 0.768971 0.00872703 63.9081 -0.0217226 0.00671134 0.999742 0
0.804483 -0.593632 0.0202229 34.6793 0.593607 0.804717 0.00783144 64.1133 -0.0209227 0.00570421 0.999765 0
0.839372 -0.543192 0.0199242 35.0174 0.54316 0.839596 0.00746087 64.2987 -0.020781 0.00455958 0.999774 0
0.872672 -0.487913 0.0196021 35.3621 0.487879 0.872885 0.00681706 64.4663 -0.0204365 0.00361437 0.999785 0
0.90304 -0.429141 0.0189216 35.7139 0.429123 0.903231 0.00517115 64.6078 -0.0193097 0.00344995 0.999808 0
0.929097 -0.36936 0.0187693 36.0733 0.369362 0.929279 0.00347453 64.7341 -0.0187253 0.0037045 0.999818 0
0.950613 -0.309721 0.0201925 36.4519 0.309719 0.950822 0.00333893 64.8456 -0.0202336 0.00307996 0.999791 0
0.968094 -0.249592 0.0223357 36.8288 0.249545 0.968351 0.00493425 64.9485 -0.0228604 0.000796943 0.999738 0
0.981697 -0.188956 0.0237888 37.2034 0.188857 0.981984 0.00637829 65.0233 -0.0245654 -0.00176887 0.999697 0
0.991358 -0.128913 0.02431 37.5942 0.128817 0.991653 0.00547849 65.0637 -0.0248133 -0.00229961 0.999689 0
0.997204 -0.0707228 0.0241193 37.9842 0.0706798 0.997496 0.00263289 65.0915 -0.0242451 -0.000920784 0.999706 0
0.999603 -0.0152801 0.0236586 38.3625 0.0152663 0.999883 0.000763897 65.1052 -0.0236675 -0.000402414 0.99972 0
0.998998 0.0383202 0.0231376 38.742 -0.0383868 0.99926 0.00244123 65.1043 -0.023027 -0.00332696 0.999729 0
0.995754 0.0891263 0.0230148 39.1193 -0.0892792 0.99599 0.00570414 65.0834 -0.0224141 -0.00773467 0.999719 0
0.990784 0.133881 0.0205511 39.4568 -0.133971 0.990981 0.0030153 65.0299 -0.019962 -0.00574075 0.999784 0
0.984251 0.175682 0.0196294 39.8635 -0.175639 0.984447 -0.00390232 64.9154 -0.0200097 0.000393161 0.9998 0
0.976868 0.212781 0.0212859 40.2437 -0.212659 0.977095 -0.00784279 64.8462 -0.0224671 0.00313472 0.999743 0
0.968945 0.246211 0.022929 40.5896 -0.246088 0.969214 -0.00805961 64.7722 -0.0242075 0.00216675 0.999705 0
0.960648 0.276825 0.0228891 40.942 -0.27681 0.960917 -0.00385858 64.6775 -0.0230627 -0.00262922 0.999731 0
0.952434 0.304091 0.01994 41.3327 -0.30419 0.952609 0.00204385 64.5545 -0.0183736 -0.0080122 0.999799 0
0.944155 0.329082 0.0166362 41.7137 -0.329194 0.944252 0.00438994 64.4316 -0.0142641 -0.0096213 0.999852 0
0.935905 0.352025 0.0126957 42.1122 -0.352086 0.935963 0.00288109 64.3003 -0.0108685 -0.00716642 0.999915 0
0.927895 0.372766 0.00754435 42.5217 -0.372774 0.927922 -0.000312445 64.1538 -0.00711704 -0.00252242 0.999972 0
0.920851 0.389914 0.00103396 42.9233 -0.389914 0.920851 -0.000845525 63.9762 -0.0012818 0.000375447 0.999999 0
0.913657 0.406476 -0.00274271 43.3185 -0.406476 0.913661 0.000708368 63.7673 0.00279385 0.00046764 0.999996 0
0.906965 0.421204 0.0015589 43.7413 -0.421207 0.906961 0.00245763 63.5488 -0.000378698 -0.00288561 0.999996 0
0.900513 0.434768 0.00737291 44.1732 -0.434801 0.900519 0.00368631 63.3424 -0.00503675 -0.00652532 0.999966 0
0.894431 0.447065 0.0111945 44.6116 -0.44713 0.89446 0.00405943 63.1227 -0.00819815 -0.00863626 0.999929 0
0.888759 0.458232 0.0114177 45.0585 -0.458279 0.888807 0.00178488 62.8824 -0.00933026 -0.00681884 0.999933 0
0.88368 0.468009 0.00882296 45.53 -0.468017 0.883719 -0.00130406 62.6201 -0.00840732 -0.00297693 0.99996 0
0.879666 0.475557 0.00579277 45.9963 -0.475532 0.879683 -0.00515928 62.3605 -0.00754933 0.00178379 0.99997 0
0.876672 0.481065 0.00473803 46.4667 -0.481032 0.876678 -0.00656977 62.0985 -0.00731421 0.0034804 0.999967 0
0.874214 0.485512 0.00521984 46.9537 -0.485488 0.874227 -0.00527879 61.8278 -0.00712624 0.00208062 0.999973 0
0.871273 0.49075 0.00688405 47.4643 -0.490758 0.871296 -0.000696019 61.5427 -0.00633962 -0.00277198 0.999976 0
0.868886 0.494951 0.00783873 48.0229 -0.494984 0.868897 0.00301361 61.2338 -0.00531946 -0.00649853 0.999965 0
0.867221 0.497868 0.00747183 48.5886 -0.497901 0.867227 0.00349852 60.9209 -0.00473797 -0.00675422 0.999966 0
0.865733 0.500454 0.00721502 49.1461 -0.50048 0.865744 0.00249338 60.605 -0.00499854 -0.00576958 0.999971 0
0.864411 0.502729 0.00756801 49.7078 -0.502754 0.864428 0.00161856 60.2838 -0.0057283 -0.00520395 0.99997 0
0.863581 0.504178 0.00572944 50.273 -0.504172 0.863599 -0.00257838 59.9281 -0.0062479 -0.000661986 0.99998 0
0.864236 0.503067 0.00455093 50.8634 -0.503045 0.864245 -0.00519567 59.5818 -0.00654689 0.00220096 0.999976 0
0.865651 0.500647 0.000959058 51.4827 -0.500604 0.8656 -0.0114575 59.2157 -0.00656631 0.00943808 0.999934 0
0.867476 0.49748 -0.000407188 52.1119 -0.497436 0.867388 -0.0139489 58.8587 -0.00658612 0.0123029 0.999903 0
0.869745 0.493501 -0.000176711 52.7495 -0.493465 0.869678 -0.0123874 58.4987 -0.00595953 0.0108611 0.999923 0
0.872177 0.489189 0.00126549 53.4171 -0.48914 0.872121 -0.012126 58.1226 -0.00703557 0.00995702 0.999926 0
0.873981 0.485956 0.00210679 54.0957 -0.485889 0.873918 -0.0133871 57.7458 -0.00834668 0.0106764 0.999908 0
0.875713 0.482818 0.00362422 54.8113 -0.482748 0.875677 -0.0120017 57.3751 -0.00896828 0.00876048 0.999921 0
0.8776 0.479368 0.00506259 55.5069 -0.479293 0.877583 -0.0112713 57.0161 -0.00984594 0.00746522 0.999924 0
0.879612 0.475666 0.0049442 56.203 -0.475582 0.879585 -0.0122934 56.6504 -0.0101964 0.00846209 0.999912 0
0.881455 0.472258 0.00308149 56.8985 -0.472177 0.881394 -0.013889 56.2672 -0.00927522 0.0107875 0.999899 0
0.882471 0.470362 0.00199438 57.5956 -0.470316 0.882431 -0.010865 55.8782 -0.00687038 0.00865006 0.999939 0
0.882087 0.471079 0.00270663 58.343 -0.471075 0.882091 -0.00205647 55.5054 -0.00335625 0.00053896 0.999994 0
0.881653 0.471878 0.00438064 59.1076 -0.471896 0.881643 0.00455728 55.1388 -0.00171167 -0.00608514 0.99998 0
0.881533 0.472086 0.00581868 59.8609 -0.47212 0.881502 0.00760651 54.7597 -0.00153824 -0.00945251 0.999954 0
0.881804 0.471588 0.00520815 60.536 -0.471605 0.881806 0.00273736 54.3774 -0.00330167 -0.00487001 0.999983 0
0.882133 0.470942 0.00739931 61.2364 -0.470973 0.882142 0.00322821 54.0072 -0.00500693 -0.00633259 0.999967 0
0.882222 0.470779 0.0071686 61.9646 -0.470806 0.882232 0.00280171 53.6244 -0.00500539 -0.00584675 0.99997 0
0.882175 0.470876 0.00656815 62.7189 -0.470903 0.882178 0.00352368 53.2278 -0.00413506 -0.00620146 0.999972 0
0.881895 0.4714 0.00649471 63.4668 -0.471434 0.881885 0.00537063 52.844 -0.00319587 -0.00779816 0.999964 0
0.880998 0.473057 0.00770338 64.1968 -0.473111 0.880963 0.00838216 52.4611 -0.00282115 -0.0110292 0.999935 0
0.879462 0.475852 0.0105858 64.9264 -0.475954 0.879397 0.0113756 52.0925 -0.00389606 -0.0150428 0.999879 0
0.876492 0.481168 0.0154645 65.6523 -0.481378 0.876375 0.015558 51.7167 -0.00606666 -0.0210807 0.999759 0
0.873488 0.486491 0.0185661 66.367 -0.486778 0.873367 0.0166615 51.3254 -0.0081094 -0.0235912 0.999689 0
0.870331 0.492108 0.0187877 67.0748 -0.492374 0.870274 0.0138037 50.9343 -0.00955749 -0.0212644 0.999728 0
0.866142 0.499508 0.0170522 67.7724 -0.499707 0.866132 0.0104069 50.549 -0.00957108 -0.017535 0.9998 0
0.861134 0.508127 0.0159844 68.4669 -0.508291 0.861143 0.00852282 50.1527 -0.00943416 -0.015464 0.999836 0
0.85566 0.517258 0.017065 69.1657 -0.517457 0.855647 0.0103597 49.745 -0.00924297 -0.0176947 0.999801 0
0.849696 0.526922 0.0192266 69.8479 -0.527185 0.849654 0.0128217 49.3247 -0.00957992 -0.0210305 0.999733 0
0.843473 0.536742 0.0214964 70.518 -0.537067 0.843424 0.0139565 48.8942 -0.0106395 -0.023317 0.999672 0
0.837284 0.546328 0.0219298 71.1791 -0.546638 0.837287 0.0117295 48.4526 -0.0119534 -0.0218086 0.999691 0
0.831283 0.555435 0.0214714 71.8182 -0.555711 0.831319 0.00972655 48.0274 -0.0124471 -0.0200174 0.999722 0
0.825393 0.56415 0.0214646 72.4614 -0.564423 0.825431 0.00952425 47.5975 -0.0123444 -0.0199764 0.999724 0
0.819545 0.572554 0.0229832 73.1089 -0.572905 0.819515 0.0132444 47.1643 -0.011252 -0.0240215 0.999648 0
0.813614 0.580996 0.0218262 73.739 -0.581322 0.813561 0.0135387 46.7342 -0.009891 -0.0237033 0.99967 0
0.808363 0.588392 0.018557 74.3332 -0.588627 0.808324 0.0114295 46.2853 -0.00827509 -0.0201623 0.999763 0
0.802817 0.595981 0.0171006 74.9323 -0.596179 0.802784 0.0104154 45.8447 -0.00752069 -0.0185567 0.9998 0
0.797556 0.603034 0.0159464 75.5372 -0.603202 0.797535 0.00921362 45.3929 -0.00716169 -0.0169673 0.99983 0
0.792561 0.609553 0.0171293 76.1322 -0.609738 0.792555 0.00872597 44.9356 -0.00825694 -0.0173602 0.999815 0
0.788677 0.614524 0.018672 76.7137 -0.614716 0.788721 0.00660819 44.4982 -0.0106661 -0.0166897 0.999804 0
0.786605 0.617197 0.0178827 77.2507 -0.617317 0.786713 0.00153689 44.0377 -0.01312 -0.0122482 0.999839 0
0.784822 0.619483 0.0171865 77.7959 -0.619532 0.784966 -0.00293516 43.6086 -0.0153091 -0.00834403 0.999848 0
0.78327 0.621444 0.0171643 78.3438 -0.621456 0.783431 -0.00529355 43.1833 -0.0167367 -0.00652057 0.999839 0
0.782118 0.622919 0.0162281 78.8971 -0.622914 0.782268 -0.00599177 42.7573 -0.0164271 -0.00542244 0.99985 0
0.782892 0.622 0.0140071 79.3955 -0.62199 0.783005 -0.00560967 42.3625 -0.0144569 -0.00432054 0.999886 0
0.784404 0.620124 0.0125329 79.8815 -0.620117 0.784494 -0.00488797 41.9608 -0.0128631 -0.00393773 0.99991 0
0.787157 0.616662 0.010619 80.3781 -0.616631 0.787227 -0.00636446 41.5633 -0.0122843 -0.00153816 0.999923 0
0.792137 0.610284 0.00850379 80.8425 -0.610236 0.792182 -0.00773421 41.2011 -0.0114566 0.000937239 0.999934 0
0.798499 0.601977 0.00484163 81.2988 -0.601907 0.798493 -0.010798 40.8711 -0.0103662 0.00570798 0.99993 0
0.805788 0.592204 -0.000733748 81.7529 -0.592144 0.805687 -0.0152893 40.5522 -0.00846321 0.0127544 0.999883 0
0.814853 0.57964 -0.00572697 82.1984 -0.579633 0.814653 -0.0191322 40.2509 -0.00642428 0.0189094 0.999801 0
0.826503 0.562865 -0.00871552 82.6264 -0.562922 0.826294 -0.0189102 39.9888 -0.00344232 0.0205355 0.999783 0
0.839419 0.543398 -0.00969219 83.0642 -0.543484 0.839253 -0.0167175 39.7187 -0.000950068 0.0193006 0.999813 0
0.853837 0.520461 -0.00911479 83.5075 -0.52054 0.853733 -0.0133573 39.4514 0.000829626 0.0161496 0.999869 0
0.869682 0.493563 -0.00692938 83.9937 -0.49361 0.869633 -0.00932099 39.1868 0.00142552 0.0115267 0.999933 0
0.886184 0.463299 -0.00566517 84.4882 -0.463332 0.886152 -0.00768559 38.9426 0.00145948 0.0094357 0.999954 0
0.905916 0.423439 -0.00384973 84.9554 -0.423456 0.905857 -0.0104417 38.7875 -0.000934104 0.0110895 0.999938 0
0.924543 0.381076 -0.000411226 85.4035 -0.381053 0.924474 -0.0121038 38.6338 -0.00423232 0.0113472 0.999927 0
0.941809 0.336125 0.00391322 85.8807 -0.336068 0.941775 -0.0108522 38.5317 -0.00733306 0.00890555 0.999933 0
0.957621 0.287945 0.0070947 86.378 -0.287878 0.957624 -0.00913007 38.4418 -0.00942301 0.00670073 0.999933 0
0.971947 0.235107 0.00661478 86.876 -0.235037 0.971937 -0.00983781 38.3819 -0.00874208 0.00800711 0.99993 0
0.984233 0.176835 0.0039239 87.3736 -0.176776 0.984177 -0.0120614 38.3514 -0.00599468 0.0111775 0.99992 0
0.993861 0.110626 -0.00129999 87.8605 -0.110633 0.993737 -0.0157352 38.3212 -0.000448882 0.0157824 0.999875 0
0.999162 0.0404369 -0.00634573 88.3369 -0.0405444 0.999018 -0.0178388 38.3299 0.00561816 0.0180811 0.999821 0
0.999472 -0.0309343 -0.00998886 88.804 0.0307639 0.999386 -0.0167832 38.3787 0.0105019 0.016467 0.999809 0
0.994716 -0.101825 -0.0131101 89.2638 0.101626 0.994709 -0.0150065 38.4651 0.0145688 0.0135949 0.999801 0
0.984905 -0.172415 -0.0153189 89.7135 0.172194 0.984952 -0.0147846 38.5883 0.0176375 0.0119236 0.999773 0
0.970313 -0.241371 -0.0152879 90.1673 0.241124 0.970357 -0.0163322 38.7443 0.0187768 0.0121611 0.99975 0
0.951247 -0.308181 -0.01237 90.6136 0.307963 0.95125 -0.0168099 38.9244 0.0169474 0.0121808 0.999782 0
0.927765 -0.373102 -0.00684048 91.0532 0.372966 0.927714 -0.0156229 39.1328 0.0121749 0.0119431 0.999855 0
0.900159 -0.435562 -4.6008e-05 91.4994 0.435531 0.900095 -0.0118758 39.3686 0.00521406 0.0106701 0.99993 0
0.869419 -0.49405 0.00512317 91.9219 0.494076 0.869375 -0.00870638 39.6286 -0.000152568 0.0101007 0.999949 0
0.836905 -0.547253 0.0102669 92.2974 0.547307 0.836925 -0.00338315 39.8939 -0.00674118 0.00845051 0.999942 0
0.807763 -0.589412 0.0106083 92.6381 0.589437 0.807814 0.000966672 40.1264 -0.00913931 0.00547209 0.999943 0
0.780296 -0.625342 0.00926469 92.9782 0.625309 0.78035 0.00648838 40.3618 -0.0112872 0.000730434 0.999936 0
0.755855 -0.654714 0.00571788 93.3161 0.654643 0.755865 0.0104923 40.6097 -0.0111914 -0.00418751 0.999929 0
0.741784 -0.670628 0.00383058 93.6867 0.67057 0.741778 0.0100917 40.9691 -0.00960922 -0.00491721 0.999942 0
0.728279 -0.685261 0.00520769 94.0316 0.685218 0.728294 0.00802531 41.2854 -0.00929216 -0.00227627 0.999954 0
0.715096 -0.698982 0.00780631 94.3793 0.698952 0.715139 0.00656415 41.6138 -0.0101708 0.000762232 0.999948 0
0.706496 -0.707691 0.00615897 94.7644 0.707669 0.706522 0.00551109 41.9434 -0.00825159 0.000464952 0.999966 0
0.700285 -0.71386 0.00221893 95.0908 0.713828 0.700278 0.00778198 42.329 -0.00710911 -0.00386567 0.999967 0
0.695352 -0.718668 -0.00119355 95.4224 0.718629 0.695295 0.0117757 42.7136 -0.00763297 -0.009046 0.99993 0
0.692406 -0.721486 -0.00558816 95.787 0.72149 0.692314 0.0123716 43.1273 -0.0050572 -0.012598 0.999908 0
0.691416 -0.722406 -0.00861681 96.129 0.722456 0.691343 0.010082 43.5009 -0.00132614 -0.0131961 0.999912 0
0.692411 -0.721446 -0.00911178 96.505 0.721501 0.692384 0.00635262 43.8877 0.00172578 -0.0109728 0.999938 0
0.695163 -0.718803 -0.00837237 96.9119 0.718837 0.695177 0.00159382 44.2996 0.00467464 -0.00712633 0.999964 0
0.698714 -0.715351 -0.00849812 97.3093 0.715357 0.698754 -0.00291517 44.7052 0.00802346 -0.00404232 0.99996 0
0.701924 -0.712133 -0.0130204 97.7082 0.712192 0.701985 -0.000173025 45.1273 0.00926332 -0.00915155 0.999915 0
0.70546 -0.708571 -0.0159294 98.1244 0.708706 0.705488 0.00473537 45.5575 0.00788264 -0.0146299 0.999862 0
0.709731 -0.704294 -0.0158531 98.5612 0.704461 0.709671 0.0101205 45.993 0.00412265 -0.0183508 0.999823 0
0.712836 -0.701221 -0.0124404 99.0405 0.701329 0.712674 0.0153129 46.4697 -0.00187176 -0.0196404 0.999805 0
0.716169 -0.69785 -0.0103823 99.4879 0.697876 0.715856 0.0227801 46.9365 -0.00846481 -0.02356 0.999687 0
0.718432 -0.695564 -0.00670784 99.9578 0.69549 0.718119 0.0244718 47.3642 -0.0122047 -0.0222466 0.999678 0
0.71941 -0.694578 -0.00340487 100.423 0.694464 0.719183 0.0222509 47.7993 -0.0130063 -0.0183721 0.999747 0
0.71892 -0.695062 -0.0065638 100.914 0.695083 0.718824 0.0123216 48.2709 -0.00384608 -0.0134206 0.999903 0
0.718386 -0.695571 -0.0101788 101.408 0.695629 0.718391 0.00374426 48.7463 0.00470797 -0.0097705 0.999941 0
0.716558 -0.69738 -0.0143848 101.923 0.697474 0.716606 0.00240162 49.2794 0.00863336 -0.0117539 0.999894 0
0.714105 -0.699887 -0.0145737 102.4 0.700018 0.714089 0.0071785 49.746 0.00538278 -0.0153281 0.999868 0
0.712583 -0.701482 -0.0121808 102.905 0.701588 0.712455 0.0135145 50.239 -0.000801948 -0.0181761 0.999835 0
0.710742 -0.703374 -0.0105441 103.467 0.703426 0.710502 0.0194945 50.7664 -0.00622032 -0.0212726 0.999754 0
0.709217 -0.704926 -0.00957203 103.989 0.704947 0.708956 0.0207952 51.2975 -0.00787289 -0.021496 0.999738 0
0.707463 -0.706673 -0.0104424 104.49 0.706723 0.707229 0.0192248 51.8321 -0.00620044 -0.0209807 0.999761 0
0.705634 -0.708446 -0.0136107 104.995 0.708577 0.705492 0.0141772 52.3724 -0.000441532 -0.0196481 0.999807 0
0.703377 -0.710583 -0.0182508 105.556 0.710811 0.703249 0.0137669 52.9535 0.00305234 -0.0226562 0.999739 0
0.700727 -0.713096 -0.0218122 106.11 0.713418 0.700562 0.0157419 53.5469 0.00405536 -0.026592 0.999638 0
0.698322 -0.715531 -0.0190167 106.699 0.715782 0.698134 0.0162674 54.1245 0.00163642 -0.0249717 0.999687 0
0.695669 -0.718187 -0.0158873 107.275 0.718362 0.695472 0.0165841 54.7008 -0.000861292 -0.0229498 0.999736 0
0.694925 -0.718985 -0.0118117 107.856 0.719073 0.694738 0.016564 55.278 -0.00370324 -0.0200042 0.999793 0
0.693915 -0.72003 -0.00626657 108.434 0.720033 0.693795 0.0141583 55.8783 -0.00584666 -0.0143368 0.99988 0
0.693101 -0.720832 -0.00349019 108.993 0.720804 0.69301 0.0133719 56.486 -0.00722013 -0.0117838 0.999905 0
0.692754 -0.721174 -0.000536377 109.555 0.721141 0.692716 0.00998199 57.0871 -0.00682719 -0.00730187 0.99995 0
0.693569 -0.720386 -0.00221629 110.107 0.720375 0.693532 0.00854614 57.6821 -0.00461945 -0.0075239 0.999961 0
0.695068 -0.718857 -0.0112073 110.674 0.718941 0.694932 0.0138876 58.2993 -0.00219491 -0.0177102 0.999841 0
0.696807 -0.716861 -0.0238971 111.28 0.717257 0.696336 0.0256748 58.928 -0.00176479 -0.0350307 0.999385 0
0.699247 -0.71421 -0.0309442 111.871 0.714875 0.698415 0.0342268 59.553 -0.00283323 -0.0460543 0.998935 0
0.700992 -0.712474 -0.0314693 112.47 0.71316 0.700074 0.0360632 60.1758 -0.00366327 -0.0477227 0.998854 0
0.702012 -0.711675 -0.0264236 113.046 0.71216 0.701392 0.0296222 60.7986 -0.00254811 -0.039613 0.999212 0
0.703285 -0.710572 -0.0218894 113.688 0.710904 0.702841 0.0250952 61.431 -0.00244718 -0.0332103 0.999445 0
0.703619 -0.710311 -0.0194613 114.31 0.710574 0.703267 0.0223539 62.0376 -0.00219174 -0.0295574 0.999561 0
0.704289 -0.709693 -0.0176965 114.916 0.709909 0.703986 0.0207901 62.6522 -0.00229652 -0.0272052 0.999627 0
0.705239 -0.708763 -0.0171171 115.531 0.708951 0.70484 0.0242575 63.2674 -0.00512805 -0.0292425 0.999559 0
0.706408 -0.707626 -0.0159222 116.129 0.707733 0.705838 0.0301119 63.8909 -0.0100695 -0.0325399 0.99942 0
0.706957 -0.707104 -0.0146858 116.735 0.707087 0.706182 0.0365218 64.5186 -0.0154539 -0.0362035 0.999225 0
0.707775 -0.706291 -0.0144001 117.326 0.706333 0.707173 0.0316227 65.1134 -0.0121514 -0.0325531 0.999396 0
0.707967 -0.706034 -0.0173119 117.906 0.706242 0.707674 0.0204801 65.6909 -0.00220847 -0.0267256 0.99964 0
0.707239 -0.706607 -0.0227763 118.488 0.706908 0.707247 0.00908965 66.2689 0.00968567 -0.0225293 0.999699 0
0.7068 -0.706972 -0.0249779 119.125 0.707347 0.706776 0.0112884 66.8865 0.00967314 -0.0256467 0.999624 0
0.706146 -0.707904 -0.0151789 119.733 0.70806 0.705881 0.019575 67.5024 -0.00314271 -0.0245703 0.999693 0
0.704621 -0.709583 -0.00108061 120.346 0.709252 0.704244 0.0316647 68.1283 -0.0217077 -0.0230781 0.999498 0
0.704047 -0.710133 0.00538468 120.92 0.709663 0.703822 0.031835 68.729 -0.026397 -0.0185921 0.999479 0
0.703213 -0.710974 -0.00258364 121.452 0.710742 0.702881 0.0283716 69.2897 -0.0183555 -0.0217876 0.999594 0
0.702783 -0.711223 -0.0160585 122.04 0.711397 0.702498 0.0202471 69.8815 -0.00311914 -0.0256533 0.999666 0
0.701434 -0.712387 -0.0222527 122.627 0.71271 0.701324 0.0137176 70.4842 0.00583415 -0.0254817 0.999658 0
0.699513 -0.714298 -0.0214676 123.234 0.714585 0.699461 0.0110955 71.0882 0.00709028 -0.0231018 0.999708 0
0.696417 -0.717571 -0.00976488 123.765 0.717636 0.696324 0.0114657 71.676 -0.00142791 -0.0149925 0.999887 0
0.693217 -0.720676 -0.00875722 124.337 0.720725 0.693118 0.0119549 72.2774 -0.00254581 -0.0145989 0.99989 0
0.690716 -0.72299 -0.0140245 124.891 0.723124 0.690536 0.0158492 72.8561 -0.00177442 -0.0210887 0.999776 0
0.688658 -0.724825 -0.01949 125.452 0.725086 0.68837 0.0199259 73.5014 -0.00102647 -0.0278541 0.999612 0
0.687768 -0.725635 -0.0207097 126.01 0.725924 0.687363 0.0238103 74.0883 -0.00304248 -0.0314097 0.999502 0
0.686873 -0.726502 -0.0200376 126.599 0.726746 0.686322 0.0283336 74.6959 -0.0068322 -0.0340238 0.999398 0
0.685644 -0.727686 -0.0191181 127.176 0.727882 0.685034 0.0302788 75.2893 -0.00893692 -0.0346762 0.999359 0
0.683583 -0.729671 -0.0171413 127.695 0.729856 0.683219 0.0228739 75.8565 -0.00497916 -0.0281469 0.999591 0
0.680737 -0.732352 -0.0160716 128.24 0.732528 0.680568 0.0151764 76.4449 -0.000176636 -0.0221041 0.999756 0
0.675982 -0.736758 -0.0153524 128.767 0.736916 0.675879 0.011896 77.0478 0.00161189 -0.019355 0.999811 0
0.670705 -0.741591 -0.0140522 129.3 0.741724 0.670581 0.0128946 77.6508 -0.000139359 -0.0190713 0.999818 0
0.665807 -0.746045 -0.0109013 129.83 0.746087 0.665558 0.0196417 78.2565 -0.00739815 -0.0212109 0.999748 0
0.661986 -0.749514 -0.00157409 130.398 0.749232 0.661677 0.0289032 78.8707 -0.0206218 -0.0203129 0.999581 0
0.659135 -0.752024 0.00119451 130.916 0.751579 0.658798 0.0333799 79.4675 -0.0258894 -0.0211041 0.999442 0
0.65558 -0.755125 0.000935967 131.434 0.754727 0.655273 0.0316899 80.0842 -0.0245432 -0.0200689 0.999497 0
0.650834 -0.759214 -0.00318151 131.93 0.759034 0.650576 0.0248798 80.6967 -0.0168192 -0.0186075 0.999685 0
0.644774 -0.764339 -0.00727236 132.442 0.764353 0.644658 0.0134011 81.336 -0.0055548 -0.0141993 0.999884 0
0.639396 -0.76877 -0.0128714 132.97 0.768877 0.639288 0.0117464 81.9886 -0.000801733 -0.0174072 0.999848 0
0.63391 -0.773231 -0.0164915 133.479 0.773397 0.633653 0.0184733 82.6311 -0.00383424 -0.0244649 0.999693 0
0.627711 -0.778257 -0.0171544 133.99 0.778416 0.627338 0.0227317 83.2719 -0.00692951 -0.0276222 0.999594 0
0.620327 -0.784105 -0.0193274 134.459 0.784326 0.619961 0.021942 83.9098 -0.0052226 -0.0287702 0.999572 0
0.61321 -0.789644 -0.0208929 134.949 0.789917 0.612921 0.0189189 84.5405 -0.00213347 -0.0281049 0.999603 0
0.606691 -0.794652 -0.0213288 135.477 0.794936 0.606406 0.0186763 85.2075 -0.00190723 -0.0282858 0.999598 0
0.600331 -0.799437 -0.0224255 135.975 0.799732 0.599883 0.0238428 85.8883 -0.00560807 -0.032248 0.999464 0
0.593219 -0.804786 -0.0202677 136.453 0.804957 0.592605 0.0293852 86.5673 -0.011638 -0.0337464 0.999363 0
0.587123 -0.809345 -0.0157082 136.93 0.809296 0.586434 0.0337044 87.2165 -0.0180667 -0.0325012 0.999308 0
0.581365 -0.813527 -0.0137183 137.409 0.813341 0.580607 0.0370501 87.8898 -0.0221764 -0.0326973 0.999219 0
0.577469 -0.816286 -0.0144038 137.903 0.816122 0.576703 0.0368522 88.5749 -0.0217753 -0.0330363 0.999217 0
0.574483 -0.818288 -0.019344 138.371 0.818372 0.573779 0.0323241 89.2904 -0.0153512 -0.0344003 0.99929 0
0.571626 -0.820089 -0.0264298 138.837 0.820477 0.570995 0.0279768 89.9752 -0.00785221 -0.0376773 0.999259 0
0.569591 -0.821317 -0.0317062 139.289 0.821923 0.569021 0.0256467 90.634 -0.00302261 -0.0406682 0.999168 0
0.566949 -0.823035 -0.034385 139.752 0.823747 0.56628 0.0277364 91.3084 -0.0033565 -0.0440496 0.999024 0
0.564367 -0.824917 -0.0316742 140.222 0.825393 0.563178 0.0394505 92.0145 -0.0147051 -0.0484082 0.998719 0
0.56164 -0.826941 -0.0269893 140.685 0.826942 0.55998 0.0508873 92.721 -0.0269674 -0.0508989 0.99834 0
0.557507 -0.829808 -0.0245947 141.141 0.829782 0.556091 0.0471575 93.3603 -0.0254548 -0.0466989 0.998585 0
0.553237 -0.832793 -0.0196221 141.589 0.832769 0.552332 0.037756 94.0215 -0.020605 -0.0372287 0.999094 0
0.547548 -0.836595 -0.0172962 142.048 0.836694 0.547092 0.0251872 94.742 -0.0116088 -0.0282628 0.999533 0
0.542014 -0.840052 -0.0231106 142.491 0.840316 0.541465 0.026181 95.4776 -0.00947984 -0.0336107 0.99939 0
0.535867 -0.844 -0.0226091 142.933 0.844186 0.535156 0.0309575 96.1888 -0.0140287 -0.0356754 0.999265 0
0.529154 -0.848397 -0.0147843 143.393 0.848303 0.528536 0.0321159 96.8978 -0.019433 -0.0295358 0.999375 0
0.523673 -0.851905 -0.00504827 143.847 0.851588 0.523295 0.0309977 97.5928 -0.0237654 -0.0205317 0.999507 0
0.518551 -0.855042 0.00280594 144.271 0.854688 0.518425 0.0272802 98.3092 -0.0247804 -0.0117479 0.999624 0
0.51327 -0.858181 0.00889992 144.691 0.857951 0.51334 0.0200685 99.0031 -0.0217911 -0.00266488 0.999759 0
0.507995 -0.861294 0.0106789 145.103 0.861265 0.508084 0.0085465 99.6891 -0.0127868 0.00485578 0.999906 0
0.502947 -0.864303 0.00491189 145.575 0.864308 0.50296 0.00175857 100.405 -0.00399042 0.00336091 0.999986 0
0.497574 -0.867414 -0.0037292 145.983 0.867403 0.49753 0.00868053 101.147 -0.00567422 -0.00755393 0.999955 0
0.492715 -0.870157 -0.00763595 146.412 0.870063 0.492473 0.0214773 101.907 -0.0149281 -0.0172259 0.99974 0
0.487596 -0.873069 -0.000824191 146.82 0.872641 0.487327 0.031792 102.664 -0.0273549 -0.0162209 0.999494 0
0.483404 -0.875388 0.00406677 147.212 0.874791 0.483237 0.0349778 103.421 -0.0325843 -0.0133508 0.99938 0
0.48192 -0.876212 -0.0022152 147.6 0.875911 0.481685 0.0275799 104.153 -0.0230988 -0.0152316 0.999617 0
0.480633 -0.876854 -0.0108835 147.97 0.876852 0.480401 0.018562 104.869 -0.0110477 -0.0184647 0.999769 0
0.479418 -0.877406 -0.017805 148.36 0.877573 0.479199 0.0152795 105.633 -0.00487414 -0.0229504 0.999725 0
0.478066 -0.878173 -0.0162815 148.775 0.878311 0.477874 0.0143904 106.37 -0.00485672 -0.0211798 0.999764 0
0.477685 -0.878434 -0.0130927 149.191 0.878465 0.477414 0.0193434 107.137 -0.0107412 -0.0207416 0.999727 0
0.47709 -0.878798 -0.00997872 149.626 0.878657 0.476712 0.0265835 107.889 -0.0186045 -0.0214506 0.999597 0
0.475502 -0.879713 -0.00191341 149.989 0.879447 0.475302 0.0257184 108.628 -0.0217154 -0.0139119 0.999667 0
0.474272 -0.880378 0.000867524 150.418 0.880239 0.474214 0.0173504 109.368 -0.0156863 -0.00746518 0.999849 0
0.472835 -0.88114 0.00440156 150.807 0.881137 0.47285 0.00321749 110.1 -0.00491634 0.00235704 0.999985 0
0.471578 -0.881765 0.0102675 151.225 0.881819 0.4715 -0.00914645 110.844 0.00322387 0.0133674 0.999906 0
0.470896 -0.882177 0.0046016 151.605 0.882184 0.47087 -0.00573623 111.565 0.00289361 0.00676062 0.999973 0
0.468903 -0.883244 0.00321077 152.017 0.883217 0.468914 0.00682835 112.376 -0.00753667 -0.000366031 0.999972 0
0.466704 -0.884297 0.014391 152.437 0.884322 0.466828 0.0067686 113.19 -0.0127036 0.00956739 0.999874 0
0.465961 -0.884561 0.0207749 152.823 0.884726 0.466105 0.00245228 113.97 -0.0118525 0.0172374 0.999781 0
0.466266 -0.884562 0.0120556 153.209 0.884616 0.466317 0.00168198 114.726 -0.00710953 0.00988029 0.999926 0
0.466931 -0.884278 0.00538 153.536 0.884283 0.466946 0.00206126 115.4 -0.00433489 0.00379498 0.999983 0
0.466881 -0.884319 0.00126722 153.947 0.884308 0.466882 0.00454306 116.152 -0.00460916 -0.00100045 0.999989 0
0.466109 -0.884725 -0.001794 154.322 0.884696 0.466075 0.00936404 116.89 -0.00744846 -0.00595181 0.999955 0
0.465648 -0.884958 -0.00457424 154.715 0.884898 0.465539 0.0151187 117.65 -0.0112499 -0.0110877 0.999875 0
0.464612 -0.885513 -0.00131757 155.091 0.885427 0.464545 0.0147604 118.395 -0.0124584 -0.00802446 0.99989 0
0.463557 -0.886067 -0.000170428 155.452 0.886002 0.463521 0.0122247 119.124 -0.0107529 -0.00581785 0.999925 0
0.46308 -0.886308 -0.0039047 155.813 0.886307 0.46305 0.00671524 119.853 -0.00414369 -0.00657046 0.99997 0
0.462638 -0.88648 -0.0109016 156.175 0.886546 0.462585 0.00712079 120.588 -0.00126953 -0.0129591 0.999915 0
0.461375 -0.887114 -0.0126848 156.599 0.88715 0.461139 0.0177759 121.352 -0.00991985 -0.0194547 0.999762 0
0.459675 -0.888072 -0.00521954 156.937 0.887859 0.459416 0.0253636 122.012 -0.0201267 -0.0162932 0.999665 0
0.458018 -0.888936 0.00369018 157.289 0.888613 0.457957 0.0253695 122.694 -0.0242418 -0.00834056 0.999671 0
0.456899 -0.889476 0.00877398 157.627 0.889285 0.456982 0.0184457 123.38 -0.0204165 -0.000625235 0.999791 0
0.458308 -0.888791 0.0018479 157.985 0.888726 0.458298 0.0113515 124.068 -0.010936 -0.0035602 0.999934 0
0.459231 -0.888305 -0.0046228 158.265 0.888297 0.45918 0.00905538 124.69 -0.00592124 -0.00826493 0.999948 0
0.459952 -0.887881 -0.0106134 158.583 0.887941 0.459886 0.00813981 125.296 -0.00234621 -0.013168 0.999911 0
0.461825 -0.886869 -0.0134462 158.899 0.886971 0.461784 0.00620958 125.903 0.000702172 -0.0147942 0.99989 0
0.465495 -0.884898 -0.0164393 159.198 0.885048 0.465459 0.00617069 126.512 0.0021914 -0.017422 0.999846 0
0.4703 -0.882341 -0.0170836 159.506 0.882506 0.470199 0.00976929 127.111 -0.000587156 -0.0196709 0.999806 0
0.476326 -0.879164 -0.0135793 159.818 0.879205 0.476048 0.019427 127.651 -0.0106152 -0.0211925 0.999719 0
0.481625 -0.876292 -0.0122789 160.141 0.876213 0.481216 0.0261078 128.225 -0.0169692 -0.0233331 0.999584 0
0.486984 -0.87329 -0.0145174 160.438 0.873273 0.486544 0.0258697 128.792 -0.0155284 -0.0252757 0.99956 0
0.492589 -0.870093 -0.0171725 160.75 0.870221 0.492276 0.0195184 129.366 -0.00852925 -0.0245584 0.999662 0
0.499077 -0.866294 -0.0213885 161.075 0.866557 0.498937 0.0118227 129.95 0.000429588 -0.0244348 0.999701 0
0.505994 -0.862109 -0.0271584 161.4 0.862509 0.50598 0.00790761 130.535 0.00692436 -0.0274256 0.9996 0
0.512646 -0.858214 -0.0257645 161.752 0.858575 0.51263 0.00773348 131.128 0.00657066 -0.0260853 0.999638 0
0.51798 -0.855119 -0.0216486 162.094 0.855384 0.51792 0.00873122 131.706 0.00374599 -0.0230404 0.999728 0
0.523444 -0.851966 -0.0126796 162.465 0.852058 0.523355 0.00981273 132.272 -0.00172416 -0.0159402 0.999871 0
0.528565 -0.848877 -0.00523666 162.834 0.848871 0.528498 0.010356 132.826 -0.00602343 -0.0099191 0.999933 0
0.53104 -0.847334 -0.00459095 163.159 0.847315 0.530967 0.0114259 133.324 -0.00724394 -0.00995761 0.999924 0
0.531909 -0.846785 -0.0052705 163.495 0.846763 0.531814 0.0128998 133.85 -0.00812045 -0.0113244 0.999903 0
0.531339 -0.847148 -0.00442831 163.841 0.847094 0.531226 0.0151955 134.418 -0.0105204 -0.0118251 0.999875 0
0.531116 -0.847296 -0.00223363 164.189 0.847196 0.531008 0.0169965 135.007 -0.013215 -0.0109194 0.999853 0
0.531479 -0.847063 -0.00383317 164.56 0.846937 0.531309 0.0202211 135.598 -0.0150919 -0.0139935 0.999788 0
0.531412 -0.847037 -0.0113975 164.915 0.847031 0.531124 0.0210924 136.165 -0.0118126 -0.0208628 0.999713 0
0.530562 -0.847435 -0.0189193 165.249 0.847638 0.530324 0.0163273 136.71 -0.00380296 -0.0246994 0.999688 0
0.528836 -0.848442 -0.0218804 165.575 0.84871 0.528803 0.00774151 137.243 0.00500221 -0.0226641 0.999731 0
0.525504 -0.850576 -0.0191504 165.912 0.850728 0.525606 -0.000398001 137.779 0.0104041 -0.0160826 0.999817 0
0.522063 -0.852712 -0.018245 166.244 0.852894 0.522055 0.00560073 138.378 0.00474909 -0.018485 0.999818 0
0.518547 -0.854884 -0.0167912 166.567 0.855038 0.518339 0.0153425 138.986 -0.00441253 -0.0223129 0.999741 0
0.51528 -0.856994 -0.00696891 166.955 0.856806 0.514951 0.0266291 139.604 -0.0192323 -0.0196924 0.999621 0
0.511983 -0.858992 0.00227693 167.336 0.858447 0.51175 0.0343594 140.217 -0.0306797 -0.0156368 0.999407 0
0.509648 -0.860372 0.00437224 167.697 0.859802 0.509484 0.0341494 140.836 -0.0316087 -0.0136449 0.999407 0
0.507922 -0.861403 -3.33562e-05 168.037 0.861033 0.507702 0.029337 141.45 -0.025254 -0.0149296 0.99957 0
0.504866 -0.86318 -0.00556343 168.371 0.863068 0.504667 0.0206274 142.033 -0.0149975 -0.0152157 0.999772 0
0.502657 -0.86448 -0.00331621 168.721 0.86444 0.502587 0.01223 142.623 -0.00890589 -0.00901416 0.99992 0
0.501635 -0.865071 0.00387433 169.089 0.865032 0.50165 0.008193 143.212 -0.00903108 -0.000758479 0.999959 0
0.50078 -0.865482 0.0126923 169.465 0.865474 0.500892 0.00792636 143.805 -0.0132176 0.00701547 0.999888 0
0.499521 -0.866109 0.0182968 169.833 0.866117 0.499739 0.0101114 144.414 -0.0179012 0.0107963 0.999781 0
0.498574 -0.866608 0.0203611 170.187 0.86665 0.498824 0.0096298 145.021 -0.0185019 0.0128448 0.999746 0
0.497668 -0.867081 0.0222867 170.526 0.867226 0.497887 0.00528302 145.62 -0.0156771 0.0166984 0.999738 0
0.496971 -0.867362 0.0265118 170.876 0.86768 0.497122 -0.0010274 146.215 -0.0122885 0.0235144 0.999648 0
