0.478682 -0.87775 0.0204598 0.683951 0.877971 0.478687 -0.00496789 0.553054 -0.0054333 0.0203412 0.999778 0
0.475008 -0.879834 0.0161073 0.930336 0.879903 0.474643 -0.0220147 1.04122 0.011724 0.02463 0.999628 0
0.473692 -0.88059 0.0133531 1.36585 0.88058 0.473336 -0.0230701 1.84275 0.0139948 0.0226866 0.999645 0
0.472298 -0.881376 0.0105454 1.80171 0.881309 0.47199 -0.0227761 2.65188 0.015097 0.0200509 0.999685 0
0.498275 -0.867011 -0.00370051 2.18051 0.86668 0.498195 -0.0258437 3.369 0.0242503 0.00967012 0.999659 0
0.497171 -0.867649 -0.0025929 2.63022 0.867362 0.49708 -0.0244108 4.20104 0.0224688 0.00988734 0.999699 0
0.496313 -0.868142 -0.00176884 3.07808 0.867885 0.496214 -0.0233906 5.03796 0.0211841 0.0100739 0.999725 0
0.49515 -0.868805 -0.00220032 3.52467 0.86855 0.495063 -0.0231058 5.87807 0.0211637 0.00952975 0.999731 0
0.49421 -0.869341 -0.00156443 3.97044 0.869067 0.494098 -0.0242757 6.72133 0.0218768 0.0106377 0.999704 0
0.493474 -0.86976 -0.00047199 4.41528 0.869496 0.493338 -0.0243822 7.56861 0.0214395 0.0116216 0.999703 0
0.407318 -0.912949 0.0248405 4.79066 0.91319 0.406729 -0.0255895 8.34115 0.0132585 0.0331072 0.999364 0
0.409272 -0.91207 0.0249877 5.24383 0.912361 0.408805 -0.021821 9.20078 0.00968715 0.0317286 0.99945 0
-0.0366959 -0.99839 0.043247 5.68587 0.999298 -0.036985 -0.00590487 10.0298 0.00749486 0.043 0.999047 0
-0.0408448 -0.998237 0.0430672 6.13526 0.999154 -0.0410115 -0.00299365 10.8858 0.00475462 0.0429085 0.999068 0
-0.045043 -0.998094 0.0421832 6.58638 0.998975 -0.0451878 -0.00248469 11.7446 0.00438612 0.0420281 0.999107 0
0.644249 -0.764686 0.0140891 6.97812 0.764417 0.644399 0.0204042 12.6127 -0.0246818 -0.00237546 0.999693 0
0.252706 -0.96675 0.0391591 7.44589 0.967536 0.252648 -0.00650675 13.4288 -0.00360306 0.0395321 0.999212 0
0.679563 -0.733616 0.00118379 7.87917 0.733509 0.67949 0.0160843 14.2907 -0.0126041 -0.010062 0.99987 0
0.679368 -0.733793 0.00258932 8.35162 0.733638 0.679289 0.0184751 15.1437 -0.0153158 -0.0106518 0.999826 0
0.679241 -0.733737 0.0162076 8.82499 0.733595 0.679431 0.0145727 16.0039 -0.0217045 0.00199149 0.999762 0
0.445273 -0.895158 0.0206 9.07778 0.895383 0.445266 -0.00513701 16.5702 -0.00457404 0.0207322 0.999775 0
0.506981 -0.861671 0.0222256 9.49336 0.861939 0.506634 -0.0195768 17.3857 0.00560854 0.0290822 0.999561 0
0.506089 -0.86222 0.021234 9.99457 0.862435 0.505652 -0.0228575 18.3104 0.0089712 0.0298809 0.999513 0
0.503872 -0.863561 0.0193796 10.4924 0.863706 0.503412 -0.0242455 19.2405 0.0111816 0.0289549 0.999518 0
0.50192 -0.864701 0.0191923 10.9883 0.864846 0.501479 -0.02366 20.1765 0.0108343 0.0284738 0.999536 0
0.630036 -0.776333 0.0190378 11.3819 0.776066 0.63032 0.0204549 21.1079 -0.0278797 0.00188725 0.99961 0
0.523589 -0.851598 0.0251974 11.8795 0.851966 0.523462 -0.0119287 22.025 -0.00303147 0.0277131 0.999611 0
0.230354 -0.973005 0.0140575 12.3933 0.97298 0.230533 0.012817 22.9584 -0.0157117 0.0107253 0.999819 0
0.206805 -0.978241 0.0166312 12.8952 0.978308 0.206969 0.00877664 23.8896 -0.0120278 0.0144553 0.999823 0
0.184899 -0.98264 0.015211 13.3905 0.982711 0.185018 0.00682181 24.8211 -0.00951769 0.0136866 0.999861 0
0.64969 -0.759547 0.0314841 13.8425 0.760148 0.64957 -0.0152745 25.765 -0.00884943 0.0338563 0.999388 0
0.626152 -0.779072 0.0313062 14.3391 0.779687 0.625875 -0.0191928 26.6813 -0.00464118 0.0364266 0.999326 0
0.614614 -0.788287 0.0292208 14.8299 0.788828 0.614191 -0.0228045 27.597 2.93913e-05 0.0370662 0.999313 0
0.483932 -0.875105 -0.000191629 15.2447 0.875105 0.483932 -0.00035941 28.5036 0.000407257 6.23447e-06 1 0
0.810418 -0.580903 -0.0759863 15.6272 0.579178 0.81394 -0.0453331 29.296 0.0881825 -0.00727086 0.996078 0
-0.294201 -0.950936 0.0957435 16.2468 0.946772 -0.276279 0.165206 30.2266 -0.130649 0.139251 0.981601 0
-0.302874 -0.946386 0.112342 16.6353 0.942986 -0.280522 0.179124 31.0632 -0.138006 0.160189 0.977391 0
-0.302549 -0.945218 0.122585 17.0388 0.943264 -0.278469 0.180854 31.904 -0.13681 0.170347 0.975841 0
0.747497 -0.66266 -0.0461448 17.3565 0.662107 0.748864 -0.0285865 32.6514 0.0534993 -0.00918442 0.998526 0
0.730865 -0.681548 -0.0364633 17.8595 0.681127 0.731743 -0.0248594 33.5718 0.0436247 -0.00666732 0.999026 0
0.71533 -0.698367 -0.0242372 18.3556 0.698097 0.715734 -0.0196039 34.4756 0.0310381 -0.00289665 0.999514 0
0.319071 -0.947688 -0.00897081 18.8612 0.947663 0.319147 -0.0089145 35.3427 0.0113112 -0.00565695 0.99992 0
0.314543 -0.949242 -0.00171128 19.3421 0.949236 0.314547 -0.00329247 36.2304 0.00366363 -0.000588789 0.999993 0
0.672237 -0.739052 0.0435769 19.7732 0.740234 0.671956 -0.0229951 37.1697 -0.0122872 0.0477152 0.998785 0
0.140052 -0.990028 0.0151766 20.1797 0.989697 0.140433 0.027889 37.9755 -0.0297422 0.0111143 0.999496 0
0.704368 -0.708778 0.0387209 20.561 0.709779 0.703947 -0.0259354 38.8179 -0.00887498 0.0457513 0.998913 0
0.773202 -0.630966 0.0635693 20.9878 0.63338 0.773332 -0.0280566 39.6622 -0.0314575 0.0619569 0.997583 0
0.404269 -0.914083 0.0319146 21.4538 0.914433 0.404674 0.00717018 40.4969 -0.0194691 0.0262851 0.999465 0
0.588911 -0.8077 0.0283612 21.8506 0.808174 0.588261 -0.0283344 41.3283 0.0062019 0.0396072 0.999196 0
0.189875 -0.981505 -0.0244107 22.2847 0.981797 0.189935 -0.000137321 42.1625 0.00477123 -0.0239403 0.999702 0
0.617646 -0.785943 0.0283986 22.7165 0.786445 0.617046 -0.0275349 43.0332 0.00411761 0.0393408 0.999217 0
0.198624 -0.979293 -0.0391539 23.1558 0.979786 0.199378 -0.0163772 43.8589 0.0238446 -0.0351095 0.999099 0
0.626515 -0.77856 0.0363763 23.5798 0.7794 0.626056 -0.0242753 44.7315 -0.00387384 0.0435606 0.999043 0
0.618317 -0.784606 0.0455943 24.0114 0.785846 0.618053 -0.0213613 45.5496 -0.0114195 0.0490381 0.998732 0
0.60506 -0.793726 0.062453 24.4337 0.795839 0.605232 -0.0182822 46.3558 -0.0232875 0.0607643 0.99788 0
0.597803 -0.798655 0.0691562 24.8495 0.801161 0.598207 -0.0169966 47.1511 -0.0277953 0.0655659 0.997461 0
0.142514 -0.989149 -0.035706 25.1952 0.989333 0.141255 0.0355952 47.9537 -0.0301653 -0.0403979 0.998728 0
0.638525 -0.76854 0.0403952 25.5293 0.769393 0.638693 -0.0102896 48.7177 -0.0178922 0.0376499 0.999131 0
0.633451 -0.772596 0.042833 25.9182 0.773528 0.633691 -0.00945545 49.4422 -0.0198376 0.0391221 0.999038 0
0.624835 -0.779555 0.043307 26.2961 0.780437 0.625205 -0.00607303 50.1609 -0.0223415 0.0375931 0.999043 0
0.616085 -0.786441 0.0441569 26.6637 0.787238 0.616648 -0.00108851 50.875 -0.0263732 0.0354326 0.999024 0
0.113162 -0.992849 -0.0380133 26.9943 0.993576 0.113124 0.00315786 51.567 0.00116494 -0.0381265 0.999272 0
0.115823 -0.992697 -0.0337369 27.3414 0.993267 0.115678 0.00621747 52.2654 -0.00226944 -0.0342299 0.999411 0
0.468977 -0.883173 0.00812886 27.435 0.883192 0.469006 0.00205774 52.8918 -0.00562983 0.00621432 0.999965 0
0.467614 -0.883918 0.00510808 27.7784 0.883932 0.467598 -0.00405656 53.5378 0.00119714 0.0064121 0.999979 0
0.475293 -0.879657 0.0173301 28.0107 0.879809 0.475319 -0.00282979 54.1695 -0.0057481 0.0165922 0.999846 0
0.811707 -0.58326 0.030634 28.2771 0.584024 0.811151 -0.0308254 54.7993 -0.00686952 0.0429122 0.999055 0
-0.454969 -0.888539 -0.0591802 28.6161 0.887314 -0.457958 0.0542911 55.3579 -0.0753418 -0.0278107 0.99677 0
-0.433578 -0.899395 -0.055661 28.8865 0.89789 -0.436423 0.0576993 55.9182 -0.0761862 -0.0249603 0.996781 0
-0.139561 -0.989911 -0.0244609 29.1576 0.987889 -0.140882 0.0650217 56.4575 -0.0678119 -0.0150901 0.997584 0
0.378642 -0.925087 0.0290718 29.438 0.924055 0.379627 0.0447846 56.9723 -0.052466 0.0099066 0.998574 0
0.308694 -0.950637 -0.031596 29.6685 0.949027 0.310055 -0.0566949 57.43 0.0636927 -0.0124841 0.997891 0
0.276971 -0.96014 -0.0376594 29.9772 0.958947 0.278685 -0.0524949 57.9827 0.0608976 -0.0215738 0.997911 0
0.235071 -0.970985 -0.043919 30.2782 0.970378 0.237036 -0.0466937 58.5164 0.0557493 -0.0316418 0.997943 0
0.0779106 -0.995498 -0.0539865 30.5037 0.996882 0.0784689 -0.00829633 59.0495 0.0124952 -0.0531718 0.998507 0
0.0112616 -0.998967 -0.0440169 30.7645 0.999171 0.0129639 -0.0385809 59.493 0.0391117 -0.043546 0.998286 0
0.868101 -0.486675 0.0977154 30.9698 0.488944 0.872315 0.000824085 59.9712 -0.0856396 0.047062 0.995214 0
0.864832 -0.492087 0.0995829 31.2561 0.494303 0.869285 0.00276029 60.3962 -0.0879243 0.046837 0.995025 0
-0.0233235 -0.999006 -0.0379858 31.4999 0.998998 -0.0218378 -0.0390689 60.7879 0.0382005 -0.0388589 0.998514 0
0.535505 -0.84395 0.0313443 31.7527 0.84387 0.536186 0.0197104 61.2001 -0.0334409 0.0158955 0.999314 0
0.56051 -0.827164 0.0403592 32.041 0.827284 0.561485 0.0183214 61.5883 -0.0378159 0.0231191 0.999017 0
0.591977 -0.804252 0.0523544 32.3307 0.804604 0.593497 0.0193672 61.9624 -0.0466483 0.0306596 0.998441 0
0.238494 -0.96884 -0.0668584 32.6116 0.968048 0.242662 -0.0632272 62.3154 0.077481 -0.0496428 0.995757 0
0.284633 -0.956452 -0.0646883 32.9265 0.95564 0.288428 -0.0596855 62.6706 0.0757442 -0.0448303 0.996119 0
0.338883 -0.938734 -0.0627371 33.2482 0.937863 0.342353 -0.0566333 63.0117 0.0746419 -0.0396467 0.996422 0
0.784303 -0.615971 0.073818 33.5502 0.617188 0.786778 0.00772647 63.3656 -0.0628376 0.0394997 0.997242 0
0.489193 -0.8717 -0.0287918 33.8933 0.872127 0.489248 0.00557929 63.6427 0.00922286 -0.0278394 0.99957 0
0.851656 -0.522718 0.0380397 34.2061 0.522887 0.85238 0.00616705 63.8787 -0.0356479 0.0146383 0.999257 0
0.879361 -0.474732 0.0367927 34.5596 0.474722 0.880084 0.00956569 64.0983 -0.0369218 0.00905458 0.999277 0
0.713268 -0.697343 -0.0704411 34.9143 0.699753 0.71423 0.0148782 64.2741 0.039936 -0.0599035 0.997405 0
0.751782 -0.656567 -0.0611781 35.2836 0.658323 0.752633 0.0124413 64.4476 0.037876 -0.0496281 0.998049 0
0.795065 -0.604643 -0.0477221 35.6525 0.605717 0.795603 0.0110738 64.6003 0.0312722 -0.0377105 0.998799 0
0.985126 -0.171567 -0.00953116 36.0083 0.171774 0.984718 0.0287175 64.7298 0.00445852 -0.0299276 0.999542 0
0.890409 -0.450718 -0.0634511 36.3888 0.452442 0.891663 0.0152855 64.8413 0.0496875 -0.0423183 0.997868 0
0.907567 -0.419059 -0.0266664 36.7617 0.419297 0.907841 0.00379087 64.9421 0.0226203 -0.0146216 0.999637 0
0.919425 -0.393137 0.0100067 37.138 0.393213 0.919419 -0.00721958 65.0172 -0.0063621 0.0105727 0.999924 0
0.999285 0.0274129 0.0260311 37.5037 -0.027502 0.999617 0.00307426 65.0799 -0.0259368 -0.00378797 0.999656 0
0.996563 0.0763828 0.0320714 37.9033 -0.0765218 0.997063 0.0031255 65.0987 -0.0317385 -0.00556892 0.999481 0
0.989827 0.138876 0.0309243 38.3001 -0.13922 0.990218 0.00926243 65.0965 -0.0293355 -0.0134735 0.999479 0
0.98652 -0.158018 -0.0425364 38.6783 0.159066 0.987012 0.0224741 65.0503 0.0384326 -0.0289373 0.998842 0
0.965528 0.259419 0.0213761 39.0569 -0.259831 0.965457 0.0194929 65.0356 -0.0155809 -0.0243751 0.999581 0
0.959028 0.280841 0.0373302 39.4285 -0.280657 0.959754 -0.0101938 65.001 -0.0386907 -0.000700872 0.999251 0
0.957266 0.280062 0.0721642 39.8023 -0.27419 0.958211 -0.0815596 64.9378 -0.0919902 0.0582875 0.994052 0
0.936097 0.347323 0.0555884 40.1772 -0.343996 0.93696 -0.061415 64.8538 -0.073415 0.0383682 0.996563 0
0.997023 0.0634033 -0.0438794 40.5232 -0.0625241 0.99782 0.0211299 64.7545 0.0451235 -0.0183235 0.998813 0
0.995737 0.081816 -0.0425922 40.9074 -0.0814804 0.996629 0.00956014 64.6534 0.0432309 -0.00604896 0.999047 0
0.994956 0.0908883 -0.0424494 41.294 -0.0907052 0.995858 0.00622304 64.5416 0.0428392 -0.00234127 0.999079 0
0.993247 0.109026 -0.0396679 41.6843 -0.10922 0.994014 -0.00275678 64.4126 0.0391298 0.00707069 0.999209 0
0.836226 0.547264 0.0350491 42.0597 -0.547889 0.83648 0.0109518 64.249 -0.0233243 -0.0283612 0.999326 0
0.864178 0.500872 0.0482057 42.4547 -0.49704 0.864624 -0.0733296 64.0963 -0.0784086 0.0394097 0.996142 0
0.858209 0.512213 0.0333953 42.8616 -0.510411 0.858463 -0.0502274 63.9371 -0.0543958 0.0260603 0.998179 0
0.850149 0.526034 0.0231041 43.2681 -0.525676 0.850449 -0.0200283 63.7484 -0.0301844 0.00488184 0.999532 0
0.929852 0.367304 -0.0215327 43.297 -0.367501 0.930004 -0.00589668 63.406 0.0178597 0.0133963 0.999751 0
0.901931 0.431855 0.00470945 43.7044 -0.431879 0.901842 0.0127498 63.1845 0.0012589 -0.0135334 0.999908 0
0.896526 0.442918 0.00798851 44.1789 -0.442986 0.896448 0.0119796 62.9612 -0.0018553 -0.0142788 0.999896 0
0.931936 0.362122 0.0190582 44.6261 -0.360922 0.931366 -0.0478854 62.6743 -0.0350905 0.0377476 0.998671 0
0.931538 0.363106 0.0197751 45.1195 -0.361792 0.930903 -0.0502511 62.45 -0.0366552 0.0396563 0.998541 0
0.933696 0.357763 0.0147492 45.629 -0.356575 0.932773 -0.052805 62.2124 -0.0326494 0.0440446 0.998496 0
0.715216 0.697498 0.0443063 46.1259 -0.69881 0.714721 0.0289682 61.9557 -0.0114614 -0.0516802 0.998598 0
0.746252 0.665484 0.0154407 46.6721 -0.665645 0.745858 0.0247568 61.69 0.00495868 -0.0287528 0.999574 0
0.971158 0.23612 -0.0331522 47.2107 -0.237671 0.96977 -0.0553045 61.3868 0.0190915 0.0615887 0.997919 0
0.7558 0.654774 0.00605385 47.7863 -0.654796 0.7558 0.00271194 61.119 -0.0027998 -0.00601372 0.999978 0
0.777864 0.628235 -0.0157319 48.3671 -0.628306 0.777966 0.000549649 60.822 0.0125842 0.00945691 0.999876 0
0.720671 0.693207 -0.00988876 48.7608 -0.692894 0.720673 0.0229817 60.4644 0.0230576 -0.00971037 0.999687 0
0.967276 0.253531 -0.00990174 49.3123 -0.25366 0.965413 -0.0602817 60.076 -0.00572403 0.0608208 0.998132 0
0.716911 0.697126 0.00731113 49.9138 -0.696866 0.716258 0.0367885 59.7619 0.0204096 -0.031469 0.999296 0
0.958712 0.284098 -0.01261 50.5105 -0.284321 0.956691 -0.0624763 59.3981 -0.00568551 0.0634821 0.997967 0
0.959043 0.282992 -0.0123245 51.1586 -0.283172 0.956754 -0.0666045 59.0595 -0.00705702 0.0673665 0.997703 0
0.960081 0.279481 -0.011639 51.8208 -0.279596 0.957562 -0.0700093 58.7151 -0.00842119 0.0704688 0.997478 0
0.717755 0.694975 -0.0428595 52.4849 -0.69564 0.71839 -0.000826878 58.361 0.0302152 0.0304083 0.999081 0
0.728678 0.683429 -0.044197 53.1788 -0.684369 0.729076 -0.00933886 58.0108 0.0258406 0.0370521 0.998979 0
0.867214 0.496276 -0.040627 53.7814 -0.497525 0.866924 -0.0301971 57.5892 0.0202344 0.0464003 0.998718 0
0.866468 0.497691 -0.0391954 54.5021 -0.498877 0.866141 -0.0303507 57.2269 0.0188435 0.0458516 0.998771 0
0.865207 0.499983 -0.0378604 55.2342 -0.501089 0.864896 -0.0294054 56.8672 0.0180431 0.0444132 0.99885 0
0.864093 0.501964 -0.0370745 55.9722 -0.503034 0.863769 -0.0293332 56.5095 0.0172996 0.0439964 0.998882 0
0.897929 0.440051 0.0088805 56.5009 -0.439514 0.897545 -0.0352299 56.0043 -0.0234736 0.0277308 0.99934 0
0.906094 0.422531 -0.0214983 57.1067 -0.422894 0.906026 -0.0166411 55.669 0.0124466 0.0241699 0.99963 0
0.906094 0.422456 -0.0228811 57.8508 -0.422783 0.906153 -0.0118537 55.3221 0.0157261 0.0204143 0.999668 0
0.907272 0.420544 -0.000945837 58.4546 -0.420352 0.906784 -0.0323672 55.0029 -0.0127542 0.0297634 0.999476 0
0.909586 0.415512 0.00146918 59.2286 -0.415256 0.909139 -0.0320572 54.6483 -0.0146559 0.0285487 0.999485 0
0.991935 0.126746 0.000904614 59.8872 -0.126749 0.991891 0.0093635 54.325 0.000289509 -0.00940264 0.999956 0
0.99648 0.0766232 -0.0340156 60.5966 -0.0774614 0.996705 -0.0240474 53.9406 0.0320609 0.0265976 0.999132 0
0.853488 0.520923 -0.0140499 61.4222 -0.521112 0.853225 -0.0212098 53.5855 0.00093905 0.0254239 0.999676 0
0.895267 0.445179 -0.017695 62.0995 -0.445319 0.89536 -0.00472288 53.2291 0.0137408 0.0121081 0.999832 0
0.913268 0.407256 -0.00914572 62.8879 -0.407126 0.913276 0.0132692 52.8498 0.0137565 -0.00839486 0.99987 0
0.718097 0.695918 0.00595315 63.6662 -0.694871 0.71649 0.0616124 52.4896 0.0386118 -0.0483804 0.998082 0
0.722298 0.691525 0.00883556 64.4316 -0.691131 0.721308 0.0452991 52.0893 0.0249523 -0.038826 0.998934 0
0.726305 0.687267 0.0120545 65.1976 -0.687284 0.725821 0.0287166 51.6933 0.0109866 -0.0291419 0.999515 0
0.72726 0.686185 0.015583 65.9636 -0.686362 0.72706 0.0170333 51.3002 0.000358215 -0.0230832 0.999734 0
0.728948 0.684336 0.0178558 66.7272 -0.684465 0.729044 0.00159591 50.9082 -0.0119255 -0.013385 0.999839 0
0.7316 0.681477 0.01875 67.487 -0.681243 0.73184 -0.0178357 50.5148 -0.0258766 0.000275274 0.999665 0
0.729819 0.683395 0.0183182 68.2427 -0.682833 0.729997 -0.0290354 50.1174 -0.0332149 0.00868225 0.999411 0
0.729018 0.684251 0.018281 68.9931 -0.683121 0.728986 -0.0438807 49.7134 -0.043352 0.0195017 0.998869 0
0.725333 0.68798 0.0239843 69.7384 -0.687823 0.725711 -0.0155896 49.3007 -0.028131 -0.00518926 0.999591 0
0.711607 0.702296 0.0199095 70.4738 -0.701784 0.70917 0.0676517 48.8796 0.0333923 -0.0621136 0.99751 0
0.840637 0.541599 -0.000279869 71.1714 -0.535399 0.830935 -0.151313 48.455 -0.0817187 0.12735 0.988486 0
0.946743 0.321505 0.0176419 71.7222 -0.321736 0.946751 0.0122286 47.9942 -0.0127709 -0.0172534 0.99977 0
0.686517 0.72711 -0.00248223 72.3615 -0.726927 0.686258 -0.0250441 47.5532 -0.0165064 0.0189976 0.999683 0
0.939088 0.343606 0.00698001 72.9746 -0.343671 0.938995 0.0133806 47.0859 -0.00195654 -0.0149644 0.999886 0
0.667746 0.744344 0.00812854 73.593 -0.744362 0.667775 -0.00120189 46.66 -0.00632265 -0.00524802 0.999966 0
0.930695 0.365598 0.0120407 74.1793 -0.365738 0.93063 0.0127831 46.1937 -0.00653197 -0.0163009 0.999846 0
0.932642 0.360269 0.0196361 74.7875 -0.360191 0.932849 -0.00748575 45.7685 -0.0210144 -9.12279e-05 0.999779 0
0.92897 0.36969 0.0185614 75.3854 -0.369642 0.929154 -0.00606568 45.3391 -0.0194889 -0.00122625 0.999809 0
0.605271 0.795462 -0.0297765 75.9455 -0.795887 0.60543 -0.00440149 44.9051 0.0145264 0.0263628 0.999547 0
0.905661 0.423754 0.0145379 76.5071 -0.423987 0.904797 0.0397219 44.4494 0.00367841 -0.0421385 0.999105 0
0.611498 0.789867 -0.0466876 77.0603 -0.790371 0.612532 0.0108938 44.0139 0.0372023 0.030239 0.99885 0
0.626609 0.777927 -0.0468016 77.6391 -0.779179 0.62655 -0.0177449 43.5887 0.0155193 0.047586 0.998747 0
0.915738 0.398513 0.0511064 78.1984 -0.399725 0.916499 0.0157766 43.1429 -0.0405518 -0.0348758 0.998569 0
0.923463 0.378494 0.0629178 78.7419 -0.377887 0.925596 -0.0217539 42.7462 -0.0664702 -0.00368688 0.997782 0
0.620588 0.781309 -0.0665367 79.2401 -0.784091 0.619231 -0.0418823 42.3625 0.00847854 0.0781625 0.996905 0
0.891875 0.450604 0.0389284 79.6101 -0.450778 0.892624 -0.0046694 41.9177 -0.0368525 -0.0133836 0.999231 0
0.592552 0.803788 -0.0529869 80.0393 -0.805224 0.592861 -0.0113669 41.6036 0.0222773 0.0494018 0.998531 0
0.448638 0.891025 -0.0692693 80.4827 -0.888131 0.453144 0.0767054 41.2811 0.0997354 0.0271073 0.994645 0
0.446839 0.891727 -0.0718151 80.9926 -0.889327 0.451479 0.0725517 40.8908 0.0971194 0.0314483 0.994776 0
0.992638 0.0701456 0.0987424 81.4042 -0.0688407 0.99749 -0.0165658 40.4914 -0.0996566 0.00964635 0.994975 0
0.992206 0.0697736 0.103239 81.8918 -0.0667079 0.997231 -0.0328599 40.2108 -0.105246 0.025717 0.994114 0
0.823893 0.566198 -0.0249129 82.3749 -0.566595 0.823891 -0.0131567 39.935 0.0130762 0.0249553 0.999603 0
0.834255 0.550717 -0.0269974 82.8532 -0.55106 0.834437 -0.00688172 39.6645 0.0187378 0.0206183 0.999612 0
0.86893 0.494865 -0.00832465 83.1279 -0.494894 0.868952 -0.00166537 39.3475 0.00640958 0.00556691 0.999964 0
0.8832 0.468912 -0.00887049 83.6174 -0.468937 0.883231 -0.000779199 39.1364 0.00746932 0.00484789 0.99996 0
0.898732 0.438432 -0.0075894 84.1093 -0.43845 0.898755 -0.000803913 38.9423 0.00646855 0.00405007 0.999971 0
0.910244 0.414072 -0.000644223 84.4009 -0.414073 0.910242 -0.00196519 38.7325 -0.000227334 0.00205556 0.999998 0
0.906825 0.42117 0.0168459 84.9079 -0.421237 0.906951 0.00044066 38.5768 -0.0150928 -0.00749573 0.999858 0
0.996153 0.0648854 0.0588918 85.3342 -0.0654861 0.997819 0.00832665 38.4422 -0.0582231 -0.0121512 0.99823 0
0.997949 0.00920065 0.0633459 85.8705 -0.00995429 0.999883 0.0115919 38.348 -0.0632319 -0.0121987 0.997924 0
0.972067 -0.182374 0.147733 86.3684 0.176483 0.982921 0.0521635 38.2605 -0.154723 -0.0246341 0.987651 0
0.954612 -0.25713 0.150334 86.9015 0.251946 0.966294 0.0528968 38.2246 -0.158869 -0.0126198 0.987219 0
0.926595 -0.34357 0.152909 87.4357 0.339481 0.939123 0.052924 38.2167 -0.161783 0.00287048 0.986822 0
0.995887 0.067531 -0.0604001 87.8928 -0.0635472 0.99582 0.0656107 38.265 0.0645784 -0.0615026 0.996016 0
0.997634 -0.0411288 -0.0550984 88.4405 0.0446393 0.996946 0.0640754 38.3052 0.0522948 -0.0663833 0.996423 0
0.983906 -0.178619 -0.00491165 88.9298 0.178492 0.983744 -0.0197083 38.3637 0.00835209 0.0185144 0.999794 0
0.986892 -0.158171 -0.0320386 89.3044 0.157863 0.987389 -0.0119407 38.4805 0.0335233 0.00672645 0.999415 0
0.888202 -0.455753 0.0581973 89.7722 0.456744 0.889588 -0.00426658 38.6122 -0.0498272 0.0303708 0.998296 0
0.855442 -0.513807 0.0649701 90.2203 0.515234 0.857026 -0.00625746 38.7838 -0.0524659 0.0388277 0.997868 0
0.82246 -0.564632 0.0689213 90.6583 0.566279 0.824196 -0.0054314 38.9837 -0.0537378 0.0434958 0.997607 0
0.789603 -0.609551 0.0705292 91.0859 0.611216 0.791459 -0.00260961 39.211 -0.0542303 0.0451692 0.997506 0
0.75356 -0.653303 0.0730955 91.5028 0.654886 0.755722 0.00300992 39.465 -0.0572063 0.0456011 0.99732 0
0.716389 -0.693433 0.0770595 91.9097 0.695087 0.71889 0.00713198 39.7445 -0.0603429 0.0484538 0.997001 0
0.682116 -0.726994 0.0787259 92.3056 0.728684 0.684777 0.00993145 40.0478 -0.0611298 0.0505919 0.996847 0
0.649069 -0.756211 0.0827934 92.692 0.757679 0.652363 0.0185739 40.3753 -0.0680571 0.0506751 0.996394 0
0.633076 -0.770579 0.0736352 93.0923 0.771777 0.63567 0.0168399 40.7265 -0.0597841 0.046169 0.997143 0
0.685682 -0.72736 0.0280689 93.5424 0.726632 0.686254 0.0325741 41.0575 -0.0429555 -0.00193974 0.999075 0
0.558938 -0.827322 0.0559187 93.9918 0.828887 0.55933 -0.00983072 41.3339 -0.0231439 0.051845 0.998387 0
0.65708 -0.753667 0.0152132 94.3832 0.753548 0.657251 0.0136706 41.6212 -0.020302 0.00248124 0.999791 0
0.708767 -0.705431 -0.00399458 94.432 0.705435 0.708721 0.00867522 41.942 -0.00328873 -0.00896663 0.999954 0
0.683425 -0.729965 0.0089946 94.697 0.729757 0.683457 0.0184848 42.3509 -0.0196407 -0.0060691 0.999789 0
0.677175 -0.735807 0.00460196 95.078 0.735567 0.677092 0.0220754 42.7236 -0.0193592 -0.0115639 0.999746 0
0.673864 -0.738853 -0.00193457 95.4604 0.738666 0.67363 0.0243959 43.1088 -0.0167218 -0.0178685 0.9997 0
0.685558 -0.728003 -0.00477977 95.6159 0.727845 0.685236 0.0263313 43.5675 -0.015894 -0.0215306 0.999642 0
0.684941 -0.728458 -0.0142779 95.9036 0.728597 0.684776 0.0151124 43.9557 -0.00123158 -0.0207539 0.999784 0
0.687288 -0.726331 -0.00892965 96.1797 0.726372 0.687148 0.0145423 44.3274 -0.00442651 -0.016481 0.999854 0
0.690486 -0.723326 -0.00534758 96.5881 0.723325 0.690389 0.0128426 44.7859 -0.00559748 -0.0127357 0.999903 0
0.693255 -0.720432 -0.0193538 96.9766 0.720604 0.69334 0.00300635 45.2048 0.0112529 -0.0160306 0.999808 0
0.696857 -0.716894 -0.0212987 97.4335 0.71715 0.696876 0.00772056 45.6378 0.00930774 -0.0206545 0.999743 0
0.700605 -0.713271 -0.0199307 97.9009 0.713528 0.700528 0.0117826 46.0764 0.00555784 -0.0224761 0.999732 0
0.703784 -0.710255 -0.0150451 98.3812 0.710414 0.703646 0.0139702 46.5173 0.000664011 -0.0205203 0.999789 0
0.706257 -0.707955 -0.00110326 98.7173 0.707763 0.706026 0.0244706 46.9421 -0.0165451 -0.0180634 0.9997 0
0.708021 -0.706147 0.00788823 99.2372 0.705625 0.707857 0.0321122 47.4354 -0.0282597 -0.01717 0.999453 0
0.718592 -0.695406 -0.00598291 99.6795 0.695376 0.718399 0.0188336 47.8771 -0.00879885 -0.017694 0.999805 0
0.809841 -0.57817 -0.0993809 100.099 0.584352 0.809988 0.0495243 48.3357 0.0518638 -0.0981802 0.993816 0
0.808231 -0.578326 -0.110915 100.669 0.585317 0.809629 0.0436535 48.8082 0.0645543 -0.100203 0.992871 0
0.754217 -0.652425 -0.0741551 101.246 0.654956 0.755534 0.0141517 49.2874 0.0467938 -0.0592418 0.997146 0
0.560244 -0.826147 0.0600601 101.791 0.828109 0.560289 -0.0176884 49.7775 -0.0190378 0.0596461 0.998038 0
0.569979 -0.818333 0.0738561 102.331 0.821301 0.570079 -0.0218023 50.291 -0.0242623 0.0730849 0.997031 0
0.784194 -0.610637 -0.110278 102.796 0.61585 0.78766 0.017879 50.8028 0.0759437 -0.0819352 0.99374 0
0.535937 -0.843906 -0.0243856 103.449 0.844257 0.53566 0.0172881 51.3491 -0.00152715 -0.029853 0.999553 0
0.551531 -0.834118 0.00777593 104.039 0.833754 0.551531 0.0258337 51.8785 -0.025837 -0.00776485 0.999636 0
0.564822 -0.824184 0.0412007 104.636 0.82368 0.566111 0.0327073 52.4167 -0.050281 0.0154624 0.998615 0
0.848119 -0.520988 -0.0962559 105.21 0.520535 0.853249 -0.0317573 52.9857 0.0986755 -0.0231706 0.99485 0
0.860447 -0.506903 -0.0517763 105.857 0.505283 0.861949 -0.0416199 53.5587 0.0657258 0.00965006 0.997791 0
0.848603 -0.524694 -0.0675906 106.502 0.523642 0.851265 -0.0338686 54.1302 0.0753081 -0.00665223 0.997138 0
0.838086 -0.538734 -0.0858952 107.136 0.538869 0.842059 -0.0236023 54.7046 0.0850441 -0.0265056 0.996025 0
0.669826 -0.742497 0.00565816 107.541 0.742323 0.669805 0.0178219 55.3404 -0.0170225 -0.00773736 0.999825 0
0.669056 -0.743153 0.00934968 108.112 0.742982 0.669109 0.0164272 55.911 -0.0184639 -0.00404406 0.999821 0
0.590524 -0.806979 0.00818624 108.41 0.806959 0.590573 0.00636809 56.4011 -0.00997349 0.00284545 0.999946 0
0.588449 -0.808504 0.00694642 109.033 0.808464 0.58849 0.00809101 57.0105 -0.0106295 0.00085478 0.999943 0
0.442988 -0.896242 0.022625 109.483 0.896303 0.443301 0.0111929 57.6026 -0.0200612 0.0153205 0.999681 0
0.437931 -0.898812 0.018805 110.122 0.898797 0.438186 0.0125136 58.2333 -0.0194875 0.0114218 0.999745 0
0.451936 -0.891457 -0.0325253 110.576 0.891979 0.452061 0.00383232 58.8637 0.011287 -0.0307438 0.999464 0
0.445137 -0.894699 -0.0369764 111.232 0.895426 0.445114 0.00930547 59.5048 0.00813313 -0.0372519 0.999273 0
0.439136 -0.897591 -0.0386004 111.892 0.898397 0.439031 0.0115964 60.1454 0.00653793 -0.0397709 0.999187 0
0.433347 -0.900323 -0.0403518 112.553 0.901193 0.433286 0.0107095 60.7828 0.00784183 -0.0410057 0.999128 0
0.586623 -0.80834 -0.0495882 113.15 0.809748 0.586462 0.0192745 61.4691 0.0135012 -0.0514608 0.998584 0
0.569145 -0.820821 -0.0482408 113.826 0.822108 0.569115 0.0157079 62.0721 0.0145612 -0.0485992 0.998712 0
0.696553 -0.716964 0.0278724 114.419 0.716438 0.697109 0.0274832 62.7186 -0.0391346 0.000825295 0.999234 0
0.703254 -0.710543 0.0237241 115.061 0.710097 0.703654 0.0251773 63.3122 -0.0345831 -0.000859689 0.999401 0
0.700829 -0.712965 0.0228085 115.704 0.712315 0.701179 0.0309225 63.9114 -0.0380395 -0.00542458 0.999261 0
0.698357 -0.715351 0.0238911 116.348 0.714368 0.698693 0.0388201 64.5133 -0.0444625 -0.0100432 0.998961 0
0.695769 -0.717938 0.0217034 116.992 0.716834 0.695971 0.0421115 65.1158 -0.0453384 -0.0137421 0.998877 0
0.693597 -0.720164 0.0169418 117.636 0.719438 0.693706 0.0343794 65.7153 -0.0365114 -0.0116569 0.999265 0
0.699915 -0.713326 -0.0358572 117.992 0.713676 0.700464 -0.00409712 66.3501 0.0280393 -0.0227228 0.999349 0
0.699224 -0.714027 -0.0353806 118.631 0.714263 0.699835 -0.00765284 66.9411 0.0302249 -0.01992 0.999345 0
0.69897 -0.71515 -0.00153709 118.964 0.715067 0.698852 0.0168917 67.5502 -0.0110059 -0.0129059 0.999856 0
0.697896 -0.716078 0.0132044 119.605 0.71554 0.697926 0.0300503 68.1496 -0.030734 -0.0115238 0.999461 0
0.697011 -0.716861 0.0168966 120.238 0.716045 0.697084 0.0367944 68.7493 -0.0381549 -0.0135474 0.99918 0
0.696949 -0.716583 0.027769 120.819 0.716741 0.697318 0.0055732 69.3431 -0.0233575 0.016019 0.999599 0
0.695938 -0.717887 0.017551 121.445 0.71802 0.69602 -0.00192161 69.9474 -0.0108363 0.0139393 0.999844 0
0.711258 -0.699222 -0.0721143 121.991 0.701846 0.712111 0.0176062 70.5746 0.0390428 -0.0631356 0.997241 0
0.656776 -0.749862 -0.0797052 122.666 0.753025 0.657782 0.0166047 71.1578 0.0399774 -0.0709257 0.99668 0
0.692822 -0.720993 0.012924 123.359 0.720499 0.692862 0.0286764 71.7525 -0.02963 -0.0105559 0.999505 0
0.695395 -0.718617 0.00399066 123.981 0.718129 0.695109 0.0333812 72.3345 -0.0267622 -0.0203473 0.999435 0
0.699539 -0.714485 -0.0125217 124.598 0.714261 0.698569 0.0428147 72.9222 -0.0218432 -0.0388943 0.999005 0
0.704339 -0.708581 0.0426458 125.207 0.709546 0.70455 -0.0124313 73.5182 -0.0212375 0.0390151 0.999013 0
0.708143 -0.705422 0.030225 125.815 0.705805 0.7084 -0.00296813 74.114 -0.0193176 0.0234348 0.999539 0
0.715975 -0.697791 0.0216166 126.424 0.697783 0.71625 0.00916437 74.707 -0.0218777 0.00852222 0.999724 0
0.650734 -0.759205 0.0123428 127.031 0.758987 0.650846 0.01841 75.2988 -0.0220102 -0.00261203 0.999754 0
0.658534 -0.7498 -0.0642862 127.571 0.75193 0.659056 0.015737 75.8839 0.0305686 -0.0587021 0.997807 0
0.66059 -0.748374 -0.0596433 128.14 0.750106 0.661222 0.0112498 76.4735 0.0310184 -0.0521703 0.998156 0
0.669521 -0.742793 0.000350076 128.411 0.742611 0.669367 0.0218325 77.0918 -0.0164514 -0.0143574 0.999762 0
0.664513 -0.747272 0.00245197 128.972 0.747067 0.664402 0.0214678 77.6943 -0.0176714 -0.0124338 0.999767 0
0.657479 -0.753373 -0.0122551 129.13 0.753472 0.657417 0.00909381 78.2211 0.00120565 -0.0152128 0.999884 0
0.614114 -0.78921 0.0032876 129.645 0.78895 0.614009 0.0234681 78.9148 -0.0205399 -0.0118183 0.999719 0
0.739775 -0.672721 -0.013417 130.161 0.672829 0.739773 0.00606657 79.5996 0.00584442 -0.0135152 0.999892 0
0.7377 -0.674942 -0.0158983 130.754 0.675102 0.737677 0.00838439 80.2505 0.00606885 -0.0169181 0.999838 0
0.749196 -0.66189 0.0246431 131.329 0.661956 0.749514 0.006521 80.9861 -0.0227865 0.0114271 0.999675 0
0.751013 -0.659971 0.0204435 131.896 0.660142 0.751137 -0.00226301 81.6015 -0.0138623 0.0151951 0.999788 0
0.753063 -0.657636 0.0202452 132.464 0.657876 0.75308 -0.0083554 82.224 -0.00975146 0.019611 0.99976 0
0.754336 -0.65617 0.0204541 133.032 0.656391 0.754396 -0.00621987 82.8535 -0.0113492 0.0181178 0.999771 0
0.463314 -0.885247 -0.0409513 133.592 0.88612 0.462183 0.0343272 83.5226 -0.0114611 -0.052192 0.998571 0
0.799378 -0.599621 -0.0380742 134.14 0.600295 0.799733 0.00855652 84.1579 0.0253185 -0.0296956 0.999238 0
0.786078 -0.616622 -0.0431191 134.693 0.617276 0.786743 0.00241718 84.7741 0.0324332 -0.0285165 0.999067 0
0.777339 -0.627836 -0.0395772 135.237 0.628342 0.777937 0.000449718 85.3958 0.0305062 -0.0252176 0.999216 0
0.776623 -0.628983 -0.0351658 135.773 0.629482 0.777004 0.00421402 86.0248 0.0246734 -0.0254089 0.999373 0
0.568692 -0.822238 -0.0226834 135.938 0.82249 0.568099 0.0278038 86.6365 -0.0099749 -0.0344686 0.999356 0
0.696607 -0.71708 -0.0231199 136.288 0.717434 0.696463 0.015104 87.3801 0.00527141 -0.0271086 0.999619 0
0.549734 -0.835233 -0.0133913 136.821 0.835315 0.549523 0.0165164 88.0713 -0.00643615 -0.0202656 0.999774 0
0.54785 -0.836472 -0.0132043 137.336 0.836554 0.547652 0.0159823 88.7602 -0.00613739 -0.019802 0.999785 0
0.547031 -0.836961 -0.0159333 137.843 0.83711 0.546885 0.0127681 89.4486 -0.00197271 -0.0203225 0.999792 0
0.546092 -0.837412 -0.0229239 138.34 0.837716 0.546012 0.0101523 90.1373 0.00401503 -0.0247478 0.999686 0
0.545887 -0.837367 -0.0287005 138.83 0.837799 0.545938 0.00670688 90.8265 0.0100526 -0.0277065 0.999566 0
0.545909 -0.837339 -0.0291134 139.32 0.837785 0.545954 0.00707899 91.5153 0.00996707 -0.0282553 0.999551 0
0.546276 -0.83715 -0.027599 139.805 0.837595 0.546131 0.0132187 92.2065 0.00400668 -0.0303379 0.999532 0
0.547254 -0.83663 -0.0237498 140.287 0.836953 0.546862 0.0212726 92.8982 -0.00480941 -0.031519 0.999492 0
0.543481 -0.839145 -0.0215408 140.817 0.839414 0.543186 0.0182582 93.5459 -0.00362059 -0.0280046 0.999601 0
0.486862 -0.872162 -0.0479384 141.447 0.873055 0.484183 0.057804 94.193 -0.0272035 -0.0699955 0.997176 0
0.547548 -0.836595 -0.0172962 142.048 0.836694 0.547092 0.0251872 94.742 -0.0116088 -0.0282628 0.999533 0
0.542014 -0.840052 -0.0231106 142.491 0.840316 0.541464 0.026181 95.4776 -0.00947984 -0.0336107 0.99939 0
0.535867 -0.843999 -0.0226091 142.933 0.844186 0.535156 0.0309575 96.1888 -0.0140287 -0.0356754 0.999265 0
0.522144 -0.852219 -0.0329953 143.067 0.852857 0.521707 0.0213665 96.9485 -0.000995079 -0.0392966 0.999227 0
0.516338 -0.855988 -0.0260669 143.538 0.856371 0.515918 0.0213788 97.656 -0.00485167 -0.0333616 0.999432 0
0.511386 -0.859138 -0.0191295 144.001 0.859319 0.51105 0.0199625 98.3685 -0.00737443 -0.0266469 0.999618 0
0.505948 -0.862397 -0.0170038 144.455 0.862548 0.505719 0.0161062 99.0841 -0.00529079 -0.0228155 0.999726 0
0.500102 -0.865789 -0.017499 144.9 0.865964 0.500046 0.00776943 99.8027 0.0020236 -0.019039 0.999817 0
0.498563 -0.866845 0.00378192 145.15 0.866787 0.498574 0.0102389 100.691 -0.0107611 -0.00182664 0.99994 0
0.492825 -0.870057 0.0111203 145.415 0.870022 0.492925 0.00933241 101.546 -0.0136012 0.00507563 0.999895 0
0.487779 -0.872897 0.0110788 145.839 0.872666 0.487905 0.020089 102.218 -0.022941 -0.000130907 0.999737 0
0.483405 -0.875345 0.00957998 146.255 0.874733 0.483435 0.0336581 102.899 -0.0340937 -0.00789055 0.999388 0
0.481631 -0.876362 0.00454032 146.251 0.875913 0.481539 0.0299441 103.488 -0.0284282 -0.0104451 0.999541 0
0.479132 -0.877739 0.00266675 146.706 0.877455 0.479051 0.0241325 104.214 -0.0224595 -0.0092227 0.999705 0
0.476736 -0.87901 -0.008007 147.154 0.878959 0.476541 0.0184252 104.942 -0.0123802 -0.0158218 0.999798 0
0.475265 -0.87966 -0.0179111 147.301 0.879836 0.475244 0.00570068 105.642 0.00349746 -0.0184681 0.999823 0
0.472829 -0.881056 -0.0131447 147.697 0.881146 0.472706 0.0114455 106.428 -0.00387061 -0.0169941 0.999848 0
0.494997 -0.867057 -0.0564885 148.114 0.867973 0.496419 -0.0138055 107.187 0.0400122 -0.0421968 0.998308 0
0.494302 -0.867743 -0.0518407 148.604 0.868715 0.495265 -0.00685874 107.959 0.0316265 -0.0416445 0.998632 0
0.486898 -0.872638 -0.037861 149.088 0.873263 0.487249 -5.34667e-05 108.729 0.0184944 -0.0330366 0.999283 0
0.477438 -0.878314 -0.0248648 149.567 0.878597 0.477562 0.00105163 109.494 0.0109509 -0.0223483 0.99969 0
0.468148 -0.883578 -0.0112689 150.044 0.883577 0.468235 -0.00688716 110.254 0.0113618 -0.00673273 0.999913 0
0.458579 -0.888629 0.006662 150.522 0.888584 0.458436 -0.0159687 111.012 0.0111362 0.0132427 0.99985 0
0.450188 -0.89265 0.0225153 150.996 0.892927 0.44994 -0.0153627 111.771 0.00358296 0.0270206 0.999628 0
0.440548 -0.896954 0.0372953 151.464 0.897638 0.440716 -0.00403729 112.534 -0.0128154 0.0352563 0.999296 0
0.435916 -0.898931 0.0435831 151.933 0.899757 0.436388 0.00148194 113.297 -0.0203513 0.0385682 0.999049 0
0.487284 -0.872577 -0.034109 152.463 0.870122 0.488472 -0.0654461 114.044 0.0737681 0.00221187 0.997273 0
0.324523 -0.938305 0.119447 153.136 0.941688 0.332373 0.0524691 114.729 -0.0889329 0.095454 0.991453 0
0.521708 -0.845004 -0.117426 153.508 0.849289 0.527456 -0.0223324 115.439 0.0808083 -0.088078 0.99283 0
0.500318 -0.85852 -0.112359 153.882 0.863017 0.504943 -0.0153199 116.222 0.0698875 -0.0893031 0.99355 0
0.451044 -0.891942 -0.0316061 154.266 0.892489 0.450939 0.010786 116.955 0.00463201 -0.0330731 0.999442 0
0.501632 -0.861767 -0.0756511 154.576 0.863906 0.503588 -0.0080924 117.733 0.0450708 -0.0612961 0.997101 0
0.470197 -0.882178 -0.0260138 154.977 0.882552 0.470124 0.00924484 118.463 0.00407412 -0.0273055 0.999619 0
0.390791 -0.918065 -0.0666337 155.343 0.920281 0.391183 0.00759092 119.213 0.019097 -0.0642882 0.997749 0
0.462801 -0.885836 -0.0333224 155.662 0.886395 0.461976 0.0296797 120.1 -0.0108971 -0.0432726 0.999004 0
0.464682 -0.883544 -0.0584839 156.045 0.885453 0.464147 0.0232507 120.792 0.0066021 -0.0625889 0.998018 0
0.462479 -0.88663 0.000931857 156.434 0.886617 0.462477 0.00496792 121.443 -0.00483567 -0.00147136 0.999987 0
0.480228 -0.861179 -0.166587 156.782 0.873431 0.486947 0.000584158 122.091 0.0806159 -0.145783 0.986027 0
0.491611 -0.845807 -0.207195 157.158 0.86164 0.506909 -0.024882 122.75 0.126074 -0.166295 0.977983 0
0.497033 -0.844718 -0.198521 157.509 0.857185 0.513531 -0.0389884 123.401 0.134881 -0.150791 0.979321 0
0.480929 -0.872381 -0.0875209 157.839 0.874711 0.484229 -0.0200882 124.042 0.0599047 -0.0668945 0.99596 0
0.46197 -0.886863 -0.00762789 158.156 0.886895 0.46196 0.00309459 124.677 0.000779309 -0.00819474 0.999966 0
0.500447 -0.863701 -0.05977 158.475 0.862657 0.503306 -0.0500614 125.324 0.0733208 -0.0265079 0.996956 0
0.473504 -0.880786 0.00320544 158.772 0.880764 0.473457 -0.00968285 125.941 0.00701088 0.00740811 0.999948 0
0.458074 -0.886568 -0.0645364 159.086 0.888749 0.458179 0.0140303 126.563 0.0171304 -0.0637836 0.997817 0
0.523057 -0.849006 -0.0748384 159.405 0.851972 0.523265 0.0183726 127.152 0.0235618 -0.0733701 0.997026 0
0.477403 -0.87868 0.00289573 159.721 0.877235 0.476802 0.0558409 127.71 -0.050447 -0.0241184 0.998435 0
0.480257 -0.877128 0.00011795 160.051 0.875906 0.479595 0.0526966 128.266 -0.0462782 -0.0252046 0.998611 0
0.497151 -0.861548 -0.102838 160.367 0.865242 0.501119 -0.0153829 128.84 0.0647872 -0.0813321 0.994579 0
0.559115 -0.818223 -0.1338 160.667 0.823731 0.566538 -0.0223793 129.437 0.0941138 -0.0977023 0.990756 0
0.530804 -0.844061 -0.0762042 160.988 0.846008 0.53305 -0.0113213 130.011 0.0501765 -0.05846 0.997028 0
0.51245 -0.854249 -0.0874842 161.283 0.857571 0.514364 0.000766667 130.618 0.0443438 -0.0754168 0.996166 0
0.450579 -0.892526 0.0193943 161.616 0.892053 0.450977 0.0293361 131.179 -0.0349296 0.00408246 0.999381 0
0.44786 -0.893427 0.0347673 161.962 0.892967 0.448912 0.0329733 131.737 -0.0450667 0.0162787 0.998851 0
0.535416 -0.841455 -0.0726896 162.304 0.844 0.536269 0.00887595 132.318 0.0315125 -0.0661024 0.997315 0
0.503818 -0.862845 -0.040815 162.642 0.863672 0.504019 0.00596741 132.874 0.0154226 -0.0382572 0.999149 0
0.493512 -0.869621 -0.0143028 163.005 0.869736 0.4934 0.0107665 133.411 -0.00230581 -0.017753 0.99984 0
0.482695 -0.875777 0.00449785 163.362 0.875612 0.482694 0.0176213 133.95 -0.0176034 -0.00456735 0.999835 0
0.550482 -0.831185 -0.0781042 163.687 0.833867 0.551956 0.0032208 134.523 0.040433 -0.0669015 0.99694 0
0.506331 -0.861804 -0.0303686 164.027 0.862334 0.505897 0.0211587 135.092 -0.00287127 -0.0369012 0.999315 0
0.571869 -0.81608 -0.0835441 164.354 0.819601 0.572716 0.0158292 135.661 0.0349291 -0.077525 0.996378 0
0.548426 -0.834851 -0.0474724 164.712 0.836189 0.547822 0.0260721 136.207 0.00424013 -0.0539944 0.998532 0
0.520773 -0.853598 -0.0129216 165.059 0.853371 0.520098 0.0354445 136.756 -0.0235348 -0.0294854 0.999288 0
0.49442 -0.869001 0.0196766 165.407 0.868031 0.4948 0.0411724 137.308 -0.0455149 -0.00327658 0.998958 0
0.448958 -0.889907 0.0806326 165.767 0.889492 0.453688 0.054513 137.865 -0.0850935 0.047248 0.995252 0
0.478804 -0.877127 0.0373543 166.137 0.87636 0.480056 0.0392362 138.436 -0.0523473 0.0139493 0.998532 0
0.509873 -0.860128 -0.0144729 166.504 0.859973 0.509211 0.0339217 139.027 -0.0218072 -0.029742 0.99932 0
0.540202 -0.838983 -0.0654976 166.873 0.841522 0.539 0.0363345 139.63 0.0048192 -0.0747456 0.997191 0
0.53665 -0.842611 -0.0448685 167.262 0.84378 0.535465 0.0362364 140.24 -0.00650769 -0.0573054 0.998335 0
0.574402 -0.80875 -0.126437 167.634 0.816717 0.576618 0.0220162 140.845 0.0551004 -0.115909 0.99173 0
0.408262 -0.912025 0.0391557 167.93 0.910299 0.409953 0.0573856 141.476 -0.0683891 0.0122151 0.997584 0
0.412987 -0.910362 0.026129 168.287 0.909051 0.413798 0.0489677 142.05 -0.0553905 0.00352957 0.998459 0
0.417051 -0.908707 0.0179149 168.651 0.907995 0.417434 0.0359709 142.63 -0.0401653 0.00126495 0.999192 0
0.579468 -0.814888 -0.0131969 168.925 0.814881 0.579582 -0.00735074 143.242 0.0136387 -0.00649438 0.999886 0
0.575323 -0.817916 -0.00405295 169.307 0.81789 0.575337 -0.00656206 143.841 0.00769903 0.000460438 0.99997 0
0.570541 -0.821268 0.00134938 169.684 0.821258 0.570524 -0.00623065 144.441 0.00434718 0.00466303 0.99998 0
0.574025 -0.818833 0.00292157 170.052 0.818834 0.574008 -0.00506319 145.044 0.00246891 0.00529868 0.999983 0
0.570068 -0.821592 0.00286051 170.413 0.821579 0.57003 -0.00855558 145.645 0.00539862 0.0072274 0.999959 0
0.55956 -0.828657 0.0148389 170.289 0.828789 0.559449 -0.0111845 146.357 0.000966477 0.0185567 0.999827 0
0.56017 -0.828136 0.0200119 170.678 0.828378 0.560009 -0.0134337 146.945 -8.18649e-05 0.0241026 0.999709 0
0.476685 -0.878422 0.033851 170.547 0.878809 0.477133 0.00617043 147.699 -0.0215717 0.0268072 0.999408 0
0.631456 -0.773996 0.0468252 170.749 0.775099 0.631764 -0.00978935 148.345 -0.0220055 0.0424757 0.998855 0
