0.967017 -0.254712 0 2714.65 0.254712 0.967017 0 0.343346 0 0 1 0
0.965693 -0.259687 3.49883e-05 2714.69 0.259687 0.965693 2.75039e-05 0.35368 -4.09304e-05 -1.74743e-05 1 9.09402e-07
0.964338 -0.264672 4.90174e-05 2714.73 0.264672 0.964338 2.9457e-05 0.364213 -5.50658e-05 -1.5433e-05 1 3.87847e-06
0.962951 -0.269675 5.01014e-05 2714.77 0.269675 0.962951 4.81939e-05 0.374946 -6.12419e-05 -3.28973e-05 1 8.73563e-06
0.961524 -0.27472 2.84428e-05 2714.81 0.27472 0.961524 3.69985e-05 0.385882 -3.75126e-05 -2.77611e-05 1 1.52086e-05
0.960049 -0.279831 1.45828e-05 2714.84 0.279831 0.960049 2.72779e-05 0.397022 -2.16334e-05 -2.21074e-05 1 2.32917e-05
0.958542 -0.284953 1.61784e-05 2714.88 0.284953 0.958542 -6.76365e-06 0.408368 -1.35803e-05 1.10933e-05 1 3.31355e-05
0.956996 -0.290101 2.96802e-05 2714.92 0.290101 0.956996 -4.66474e-05 0.419921 -1.48714e-05 5.32516e-05 1 4.50853e-05
0.955415 -0.295267 5.38942e-05 2714.96 0.295267 0.955415 -4.00986e-05 0.431682 -3.96515e-05 5.4224e-05 1 5.89953e-05
0.953787 -0.300482 8.5923e-05 2715 0.300482 0.953787 -7.40678e-06 0.443653 -7.97266e-05 3.28828e-05 1 7.4642e-05
0.952102 -0.30578 8.74287e-05 2715.04 0.30578 0.952102 -4.65324e-05 0.455836 -6.90124e-05 7.10375e-05 1 9.14214e-05
0.950374 -0.311111 7.37912e-05 2715.07 0.311111 0.950374 -4.7442e-05 0.468232 -5.53695e-05 6.80448e-05 1 0.000109501
0.948609 -0.316451 4.73914e-05 2715.11 0.316451 0.948609 -7.09893e-05 0.480844 -2.24913e-05 8.23381e-05 1 0.000129819
0.946796 -0.321834 3.3444e-05 2715.15 0.321834 0.946796 -6.87523e-05 0.493674 -9.53783e-06 7.58579e-05 1 0.000152115
0.944927 -0.327281 4.63936e-05 2715.19 0.327281 0.944927 -9.27088e-05 0.506721 -1.34967e-05 0.000102787 1 0.000175712
0.943007 -0.332774 2.12886e-05 2715.23 0.332774 0.943007 -0.000113114 0.519988 1.7566e-05 0.000113751 1 0.000200121
0.941052 -0.338263 -8.21094e-06 2715.26 0.338263 0.941052 -0.000115272 0.533475 4.67193e-05 0.0001057 1 0.000225163
0.939046 -0.343792 -5.13354e-05 2715.3 0.343792 0.939046 -9.31763e-05 0.547185 8.02396e-05 6.98482e-05 1 0.000251876
0.937003 -0.349323 -4.36805e-05 2715.34 0.349322 0.937003 -8.59895e-05 0.561117 7.09668e-05 6.53138e-05 1 0.000280603
0.934927 -0.354839 -1.73514e-05 2715.38 0.354839 0.934927 -0.000104644 0.575272 5.33539e-05 9.16771e-05 1 0.000310975
0.932816 -0.360354 -7.65288e-06 2715.41 0.360354 0.932816 -0.000112592 0.589649 4.77116e-05 0.00010227 1 0.000343014
0.930647 -0.365917 -9.99607e-06 2715.45 0.365917 0.930647 -0.000128957 0.604249 5.64903e-05 0.000116356 1 0.000376761
0.928465 -0.37142 3.91075e-06 2715.49 0.37142 0.928465 -0.000157602 0.619071 5.49055e-05 0.00014778 1 0.000412671
0.926232 -0.376955 -2.79036e-06 2715.53 0.376955 0.926232 -0.000145385 0.634116 5.73881e-05 0.000133608 1 0.000450456
0.923986 -0.382427 2.08869e-05 2715.56 0.382427 0.923986 -0.000131038 0.649382 3.08131e-05 0.000129065 1 0.000489141
0.921717 -0.387863 2.22378e-05 2715.6 0.387863 0.921717 -0.00012951 0.664865 2.97351e-05 0.000127997 1 0.000528879
0.919401 -0.393321 5.05846e-05 2715.64 0.393321 0.919401 -0.000139688 0.680568 8.43475e-06 0.000148325 1 0.000570875
0.917057 -0.398756 7.77961e-05 2715.67 0.398756 0.917057 -8.78006e-05 0.69649 -3.63324e-05 0.00011154 1 0.000615641
0.914683 -0.404171 5.81205e-05 2715.71 0.404171 0.914683 -0.000130022 0.712631 -6.10759e-07 0.00014242 1 0.000662472
0.912289 -0.409548 2.03438e-05 2715.75 0.409548 0.912289 -0.000116896 0.728988 2.93151e-05 0.000114975 1 0.000711091
0.909856 -0.414924 2.75082e-05 2715.79 0.414924 0.909856 -0.000110344 0.745561 2.07559e-05 0.000111811 1 0.000760808
0.907404 -0.420259 3.50883e-05 2715.82 0.420259 0.907404 -0.000140357 0.762349 2.71471e-05 0.000142107 1 0.00081134
0.904928 -0.425565 6.6781e-05 2715.86 0.425565 0.904928 -0.000143533 0.779349 6.50827e-07 0.000158307 1 0.00086341
0.902426 -0.430844 4.78782e-05 2715.89 0.430844 0.902426 -0.000135554 0.796561 1.51961e-05 0.000142955 1 0.000916247
0.899924 -0.436047 4.29963e-05 2715.93 0.436047 0.899924 -0.000142516 0.813984 2.34503e-05 0.000147002 1 0.000969799
0.897385 -0.441248 2.89248e-05 2715.97 0.441248 0.897385 -0.000149023 0.831615 3.97994e-05 0.000146494 1 0.00102522
0.894819 -0.446429 3.94519e-05 2716 0.446429 0.894819 -0.000160133 0.849456 3.61857e-05 0.000160903 1 0.00108249
0.892235 -0.451571 5.12932e-05 2716.04 0.451571 0.892235 -0.000191805 0.867504 4.08479e-05 0.000194298 1 0.00114172
0.88964 -0.456663 4.89839e-05 2716.07 0.456663 0.88964 -0.000227773 0.885757 6.04376e-05 0.000225005 1 0.00120245
0.887022 -0.461726 8.62432e-05 2716.11 0.461726 0.887022 -0.000201096 0.904215 1.63519e-05 0.000218198 1 0.00126487
0.88439 -0.466748 0.000119403 2716.15 0.466748 0.88439 -0.000192897 0.922876 -1.55649e-05 0.000226328 1 0.00132927
0.88174 -0.471736 0.000105252 2716.18 0.471736 0.88174 -0.000171817 0.941738 -1.17523e-05 0.000201149 1 0.00139489
0.879063 -0.476705 9.70701e-05 2716.22 0.476705 0.879063 -0.000165798 0.9608 -6.29403e-06 0.000192021 1 0.00146231
0.876379 -0.481621 9.35512e-05 2716.25 0.481621 0.876379 -0.000181489 0.980059 5.42275e-06 0.00020411 1 0.00153156
0.873684 -0.486494 9.41811e-05 2716.29 0.486494 0.873684 -0.000177598 0.999515 4.11558e-06 0.000200983 1 0.00160222
0.870978 -0.491321 7.9315e-05 2716.32 0.491321 0.870978 -0.000200321 1.01917 2.93401e-05 0.000213444 1 0.00167431
0.868243 -0.49614 5.31093e-05 2716.36 0.49614 0.868243 -0.000201939 1.03901 5.40783e-05 0.000201682 1 0.00174802
0.865506 -0.500898 3.11455e-05 2716.39 0.500898 0.865506 -0.000211417 1.05905 7.89417e-05 0.000198583 1 0.00182386
0.862737 -0.505653 3.27203e-05 2716.43 0.505653 0.862737 -0.000197237 1.07927 7.15046e-05 0.000186709 1 0.00190187
0.859966 -0.510351 6.45415e-05 2716.46 0.510351 0.859966 -0.000190631 1.09969 4.1785e-05 0.000196875 1 0.00198235
0.857189 -0.515002 5.54555e-05 2716.5 0.515002 0.857189 -0.000196814 1.1203 5.38239e-05 0.000197267 1 0.0020641
0.854409 -0.519601 4.5653e-05 2716.53 0.519601 0.854409 -0.000198179 1.14109 6.39675e-05 0.000193047 1 0.00214636
0.851612 -0.524173 8.88113e-05 2716.56 0.524173 0.851612 -0.000201667 1.16207 3.00754e-05 0.000218294 1 0.0022303
0.84882 -0.528682 8.07713e-05 2716.6 0.528682 0.84882 -0.000203385 1.18323 3.89656e-05 0.000215339 1 0.00231646
0.845997 -0.533187 0.000109837 2716.63 0.533187 0.845997 -0.000236445 1.20458 3.31474e-05 0.000258595 1 0.00240439
0.843167 -0.537652 9.86448e-05 2716.67 0.537652 0.843167 -0.000228765 1.2261 3.98218e-05 0.000245924 1 0.0024925
0.840332 -0.542072 8.81027e-05 2716.7 0.542072 0.840332 -0.000259265 1.24781 6.65048e-05 0.000265627 1 0.00258191
0.837497 -0.546442 0.000141478 2716.73 0.546442 0.837497 -0.000261158 1.26969 2.42204e-05 0.000296029 1 0.00267254
0.834638 -0.550799 0.000147777 2716.77 0.550799 0.834638 -0.000285925 1.29175 3.41468e-05 0.000320039 1 0.00276386
0.831795 -0.555084 0.000110971 2716.8 0.555084 0.831795 -0.000280327 1.31398 6.33001e-05 0.000294772 1 0.00285652
0.828944 -0.559331 0.000110133 2716.83 0.559331 0.828944 -0.000269282 1.33639 5.93241e-05 0.000284821 1 0.00295066
0.826064 -0.563577 0.000116789 2716.87 0.563577 0.826064 -0.000300904 1.35897 7.31075e-05 0.000314386 1 0.00304595
0.823184 -0.567775 0.000132811 2716.9 0.567775 0.823184 -0.000285047 1.38172 5.25147e-05 0.000310052 1 0.00314193
0.820297 -0.571938 0.000119804 2716.93 0.571938 0.820297 -0.000296859 1.40464 7.15099e-05 0.000312033 1 0.00323892
0.817413 -0.576052 0.000141757 2716.97 0.576052 0.817413 -0.000286648 1.42773 4.92497e-05 0.000315969 1 0.00333775
0.814522 -0.580132 0.000141794 2717 0.580132 0.814522 -0.000298851 1.45098 5.78786e-05 0.00032568 1 0.00343833
0.811614 -0.584193 0.000198391 2717.03 0.584193 0.811614 -0.000304522 1.4744 1.68828e-05 0.000363053 1 0.00354001
0.808695 -0.588228 0.000203315 2717.07 0.588228 0.808695 -0.000305356 1.49798 1.51992e-05 0.000366535 1 0.00364311
0.805775 -0.592222 0.000246134 2717.1 0.592222 0.805775 -0.000295264 1.52172 -2.34665e-05 0.000383682 1 0.00374773
0.802844 -0.596189 0.000300586 2717.13 0.596189 0.802844 -0.000287124 1.54562 -7.01436e-05 0.000409722 1 0.00385465
0.799893 -0.600143 0.000294177 2717.16 0.600143 0.799893 -0.000257102 1.56968 -8.10117e-05 0.000382202 1 0.00396396
0.796954 -0.60404 0.000307103 2717.19 0.60404 0.796954 -0.000284149 1.5939 -7.31095e-05 0.000411956 1 0.00407514
0.793995 -0.607924 0.000290642 2717.23 0.607924 0.793995 -0.000273048 1.61827 -6.47758e-05 0.000393487 1 0.00418804
0.791065 -0.611731 0.000299528 2717.26 0.611732 0.791065 -0.000292055 1.6428 -5.82876e-05 0.000414265 1 0.00430368
0.788117 -0.615525 0.000279339 2717.29 0.615525 0.788117 -0.000307113 1.66748 -3.11161e-05 0.000413982 1 0.00442218
0.785196 -0.619247 0.000278533 2717.32 0.619247 0.785196 -0.000329738 1.69231 -1.45139e-05 0.00043139 1 0.00454253
0.782228 -0.622992 0.000253889 2717.35 0.622992 0.782228 -0.000320809 1.71729 1.2628e-06 0.000409117 1 0.00466422
0.779271 -0.626687 0.00023155 2717.38 0.626687 0.779271 -0.000310342 1.74242 1.4047e-05 0.00038695 1 0.00478746
0.776316 -0.630344 0.000221696 2717.42 0.630344 0.776315 -0.000353106 1.7677 5.04725e-05 0.000413866 1 0.00491216
0.773349 -0.63398 0.000235853 2717.45 0.63398 0.773349 -0.000334915 1.79312 2.99325e-05 0.000408533 1 0.00503832
0.770414 -0.637544 0.000237753 2717.48 0.637544 0.770414 -0.000337669 1.81869 3.21108e-05 0.000411723 1 0.00516676
0.767474 -0.64108 0.00024171 2717.51 0.64108 0.767474 -0.000376765 1.8444 5.603e-05 0.000444113 1 0.00529746
0.764516 -0.644605 0.000252236 2717.54 0.644605 0.764516 -0.000343673 1.87025 2.86952e-05 0.000425336 1 0.00543021
0.76156 -0.648094 0.000251657 2717.57 0.648094 0.76156 -0.000330055 1.89625 2.22547e-05 0.000414455 1 0.00556562
0.758637 -0.651513 0.000290273 2717.6 0.651513 0.758637 -0.00035827 1.92238 1.32053e-05 0.000460914 1 0.00570417
0.755692 -0.654927 0.000307612 2717.63 0.654927 0.755692 -0.000360814 1.94866 3.84668e-06 0.000474128 1 0.00584476
0.752743 -0.658315 0.000250128 2717.66 0.658315 0.752743 -0.000335337 1.97507 3.24751e-05 0.000417085 1 0.00598731
0.749786 -0.66168 0.000254776 2717.69 0.661681 0.749786 -0.000337228 2.00162 3.211e-05 0.000421429 1 0.0061314
0.74686 -0.664981 0.000268059 2717.72 0.664981 0.74686 -0.000304353 2.0283 2.18636e-06 0.000405564 1 0.00627715
0.743908 -0.668282 0.00026235 2717.75 0.668282 0.743908 -0.00032339 2.05511 2.09518e-05 0.000415896 1 0.00642562
0.740942 -0.671568 0.00025434 2717.78 0.671568 0.740942 -0.000332689 2.08206 3.49718e-05 0.00041731 1 0.00657711
0.737973 -0.67483 0.000265129 2717.81 0.67483 0.737973 -0.000341937 2.10914 3.50909e-05 0.000431257 1 0.00673134
0.735013 -0.678053 0.000263589 2717.84 0.678053 0.735013 -0.000315289 2.13635 2.00416e-05 0.000410468 1 0.00688703
0.732075 -0.681223 0.000226293 2717.87 0.681224 0.732075 -0.000306859 2.16369 4.33755e-05 0.0003788 1 0.00704348
0.729116 -0.68439 0.000262287 2717.9 0.68439 0.729116 -0.000323974 2.19115 3.04873e-05 0.000415721 1 0.00720129
0.726187 -0.687497 0.000280863 2717.93 0.687497 0.726187 -0.000306077 2.21875 6.46778e-06 0.000415362 1 0.0073609
0.72324 -0.690596 0.000344886 2717.96 0.690596 0.72324 -0.00029514 2.24646 -4.56127e-05 0.000451634 1 0.00752222
0.720314 -0.693648 0.000322041 2717.99 0.693648 0.720314 -0.000310383 2.2743 -1.6674e-05 0.000446956 1 0.00768551
0.717394 -0.696668 0.000358792 2718.02 0.696668 0.717394 -0.00031218 2.30227 -3.99095e-05 0.000473915 1 0.00785078
0.714452 -0.699685 0.000303922 2718.05 0.699685 0.714452 -0.000362175 2.33035 3.62706e-05 0.000471406 1 0.00801844
0.711536 -0.70265 0.000321672 2718.07 0.70265 0.711536 -0.000328893 2.35856 2.21495e-06 0.000460042 1 0.0081887
0.708597 -0.705613 0.000334032 2718.1 0.705613 0.708597 -0.000328261 2.38689 -5.06934e-06 0.000468302 1 0.00836099
0.705692 -0.708519 0.000346032 2718.13 0.708519 0.705692 -0.000337863 2.41533 -4.80984e-06 0.000483597 1 0.00853525
0.702748 -0.711438 0.000357729 2718.16 0.711438 0.702748 -0.000328052 2.4439 -1.80046e-05 0.000485041 1 0.00871217
0.699836 -0.714303 0.000397258 2718.19 0.714304 0.699836 -0.000340642 2.47257 -3.4694e-05 0.000522156 1 0.00889164
0.696911 -0.717158 0.000361302 2718.22 0.717158 0.696911 -0.000337451 2.50137 -9.78945e-06 0.000494284 1 0.00907326
0.694 -0.719975 0.000342576 2718.24 0.719975 0.694 -0.000301422 2.53028 -2.07315e-05 0.000455833 1 0.00925675
0.691096 -0.722763 0.000343518 2718.27 0.722763 0.691096 -0.000307703 2.5593 -1.50078e-05 0.000460934 1 0.00944179
0.688192 -0.725529 0.000328018 2718.3 0.725529 0.688192 -0.000325545 2.58843 1.04533e-05 0.000462024 1 0.00962764
0.685268 -0.728291 0.000338427 2718.33 0.728291 0.685268 -0.000341995 2.61768 1.71586e-05 0.000480831 1 0.00981375
0.682368 -0.731009 0.000354512 2718.35 0.731009 0.682368 -0.000348218 2.64703 1.26426e-05 0.000496764 1 0.0100007
0.679513 -0.733663 0.000355109 2718.38 0.733663 0.679513 -0.000348705 2.6765 1.45305e-05 0.00049748 1 0.0101894
0.676641 -0.736313 0.000334072 2718.41 0.736313 0.676641 -0.000370731 2.70607 4.69274e-05 0.000496834 1 0.0103802
0.673743 -0.738965 0.000350596 2718.44 0.738966 0.673743 -0.000361296 2.73574 3.07735e-05 0.000502499 1 0.0105722
0.670867 -0.741578 0.000351902 2718.46 0.741578 0.670866 -0.000357598 2.76553 2.91073e-05 0.000500863 1 0.010765
0.66802 -0.744143 0.000327668 2718.49 0.744143 0.66802 -0.000317111 2.79542 1.70873e-05 0.000455668 1 0.0109582
0.665155 -0.746706 0.000352801 2718.52 0.746706 0.665154 -0.000333853 2.82541 1.46231e-05 0.000485503 1 0.0111532
0.662303 -0.749236 0.000351308 2718.54 0.749236 0.662303 -0.000301067 2.85551 -7.102e-06 0.00046261 1 0.0113501
0.659444 -0.751753 0.00036466 2718.57 0.751753 0.659444 -0.000298946 2.88571 -1.57393e-05 0.000471272 1 0.0115488
0.656581 -0.754256 0.000356238 2718.6 0.754256 0.656581 -0.000283273 2.91601 -2.0239e-05 0.000454686 1 0.0117495
0.653736 -0.756723 0.000362122 2718.62 0.756723 0.653736 -0.000249034 2.94641 -4.82825e-05 0.000436828 1 0.0119515
0.650895 -0.759167 0.000368823 2718.65 0.759167 0.650895 -0.000210308 2.97691 -8.04062e-05 0.000416887 1 0.0121538
0.648054 -0.761594 0.000361997 2718.68 0.761594 0.648054 -0.000222972 3.0075 -6.47792e-05 0.000420193 1 0.0123575
0.645227 -0.763991 0.00036553 2718.7 0.763991 0.645227 -0.000223023 3.0382 -6.54625e-05 0.000423163 1 0.0125627
0.642384 -0.766383 0.000354022 2718.73 0.766383 0.642384 -0.00018905 3.06899 -8.25332e-05 0.000392759 1 0.0127691
0.639573 -0.76873 0.000365837 2718.75 0.76873 0.639573 -0.000216087 3.09987 -6.78668e-05 0.000419433 1 0.0129765
0.636782 -0.771043 0.00035007 2718.78 0.771044 0.636782 -0.000230597 3.13085 -4.51177e-05 0.000416759 1 0.0131849
0.634006 -0.773328 0.000350986 2718.8 0.773328 0.634006 -0.000218731 3.16193 -5.33765e-05 0.000410104 1 0.0133945
0.631211 -0.775611 0.000328072 2718.83 0.775611 0.631211 -0.000229215 3.19309 -2.93011e-05 0.000399139 1 0.0136053
0.628426 -0.777869 0.000334286 2718.86 0.777869 0.628426 -0.00026288 3.22435 -5.58762e-06 0.000425231 1 0.0138184
0.625646 -0.780107 0.000328026 2718.88 0.780107 0.625646 -0.00025562 3.2557 -5.8168e-06 0.000415823 1 0.0140341
0.622832 -0.782356 0.000338314 2718.91 0.782356 0.622832 -0.000267623 3.28713 -1.33659e-06 0.000431366 1 0.0142517
0.620071 -0.784545 0.000344772 2718.93 0.784545 0.620071 -0.000283955 3.31866 8.99201e-06 0.000446562 1 0.0144716
0.617298 -0.786729 0.000377107 2718.96 0.78673 0.617298 -0.000261683 3.35028 -2.69136e-05 0.000458218 1 0.0146938
0.61453 -0.788893 0.000400691 2718.98 0.788893 0.61453 -0.000274951 3.38198 -2.93296e-05 0.000485068 1 0.0149181
0.61179 -0.79102 0.000379936 2719 0.79102 0.61179 -0.000260929 3.41376 -2.60406e-05 0.000460171 1 0.0151442
0.609059 -0.793125 0.00038743 2719.03 0.793125 0.609059 -0.000285335 3.44564 -9.66194e-06 0.000481066 1 0.0153722
0.606358 -0.795192 0.000406793 2719.05 0.795192 0.606357 -0.000293859 3.47759 -1.29874e-05 0.000501662 1 0.0156028
0.603633 -0.797262 0.000361521 2719.08 0.797262 0.603633 -0.000292627 3.50964 1.50742e-05 0.000464867 1 0.0158359
0.600914 -0.799314 0.000337429 2719.1 0.799314 0.600914 -0.000258364 3.54176 3.74817e-06 0.000424966 1 0.0160707
0.598215 -0.801335 0.000332681 2719.13 0.801336 0.598215 -0.000222654 3.57397 -2.05944e-05 0.000399785 1 0.0163065
0.59551 -0.803348 0.000332392 2719.15 0.803348 0.59551 -0.000211815 3.60626 -2.77814e-05 0.000393165 1 0.0165436
0.592828 -0.805329 0.000369897 2719.17 0.805329 0.592828 -0.000180525 3.63863 -7.39029e-05 0.000404909 1 0.016782
0.59013 -0.807308 0.000386296 2719.2 0.807308 0.59013 -0.000199861 3.67108 -6.66155e-05 0.000429804 1 0.0170214
0.587465 -0.809249 0.000367107 2719.22 0.809249 0.587465 -0.000208245 3.70361 -4.71403e-05 0.000419418 1 0.0172617
0.584819 -0.811164 0.000362432 2719.25 0.811164 0.584819 -0.000262209 3.73622 7.36592e-07 0.000447337 1 0.0175027
0.582152 -0.81308 0.000369582 2719.27 0.81308 0.582152 -0.000240622 3.76891 -1.95074e-05 0.000440578 1 0.0177456
0.579507 -0.814967 0.000336208 2719.29 0.814967 0.579507 -0.000245133 3.80167 4.94064e-06 0.000416055 1 0.0179902
0.57687 -0.816836 0.00036614 2719.32 0.816836 0.57687 -0.000263312 3.83451 3.86802e-06 0.000450973 1 0.0182361
0.574242 -0.818685 0.000360829 2719.34 0.818686 0.574242 -0.000269518 3.86743 1.34469e-05 0.000450174 1 0.0184837
0.571623 -0.820516 0.00039965 2719.36 0.820517 0.571623 -0.000249423 3.90042 -2.37934e-05 0.000470496 1 0.0187332
0.568981 -0.822351 0.000419631 2719.38 0.822351 0.568981 -0.000242123 3.93348 -3.96515e-05 0.000482847 1 0.0189842
0.566342 -0.82417 0.000392023 2719.41 0.82417 0.566342 -0.00021424 3.96662 -4.54494e-05 0.000444427 1 0.019236
0.563769 -0.825932 0.000391904 2719.43 0.825932 0.563769 -0.000242474 3.99982 -2.0676e-05 0.000460386 1 0.0194887
0.561162 -0.827706 0.000396211 2719.45 0.827706 0.561162 -0.000218432 4.0331 -4.15414e-05 0.000450521 1 0.0197423
0.558564 -0.829461 0.000376286 2719.48 0.829461 0.558564 -0.000202576 4.06646 -4.21507e-05 0.000425267 1 0.0199981
0.555998 -0.831183 0.000383594 2719.5 0.831184 0.555998 -0.000241218 4.09988 -1.27816e-05 0.000452954 1 0.020256
0.553416 -0.832905 0.00036773 2719.52 0.832905 0.553416 -0.000221145 4.13337 -1.93153e-05 0.000428669 1 0.0205157
0.550874 -0.834588 0.00038591 2719.54 0.834588 0.550874 -0.000185908 4.16693 -5.74317e-05 0.000424488 1 0.0207774
0.54831 -0.836275 0.000390883 2719.56 0.836275 0.54831 -0.000174435 4.20056 -6.84496e-05 0.00042253 1 0.0210405
0.545758 -0.837943 0.000372098 2719.59 0.837943 0.545758 -0.000160877 4.23425 -6.82697e-05 0.000399597 1 0.0213052
0.54323 -0.839584 0.000338197 2719.61 0.839584 0.54323 -0.000183264 4.26802 -2.98527e-05 0.000383499 1 0.0215722
0.540696 -0.841218 0.000325134 2719.63 0.841218 0.540696 -0.000157127 4.30185 -4.36201e-05 0.000358467 1 0.0218408
0.538146 -0.842852 0.000320146 2719.65 0.842852 0.538146 -0.000144469 4.33574 -5.05193e-05 0.000347582 1 0.0221112
0.535621 -0.844458 0.000338193 2719.67 0.844458 0.535621 -0.000116293 4.3697 -8.29389e-05 0.000347878 1 0.0223845
0.533118 -0.846041 0.000344245 2719.69 0.846041 0.533118 -7.62246e-05 4.40372 -0.000119034 0.000331882 1 0.0226608
0.530626 -0.847606 0.000373753 2719.72 0.847606 0.530626 -4.02206e-05 4.43781 -0.000164232 0.000338138 1 0.0229394
0.528141 -0.849156 0.000364559 2719.74 0.849156 0.528141 -5.3182e-05 4.47196 -0.000147379 0.000337655 1 0.0232195
0.525693 -0.850674 0.00037497 2719.76 0.850675 0.525693 -5.88112e-05 4.50617 -0.00014709 0.000349894 1 0.0235019
0.523213 -0.852202 0.000367054 2719.78 0.852202 0.523213 -2.82394e-05 4.54044 -0.000167982 0.000327579 1 0.0237869
0.520779 -0.853692 0.000379187 2719.8 0.853692 0.520779 -2.05953e-05 4.57477 -0.00017989 0.000334434 1 0.0240733
0.518302 -0.855197 0.000368759 2719.82 0.855198 0.518302 2.34639e-05 4.60916 -0.000211195 0.0003032 1 0.0243612
0.515837 -0.856687 0.000399925 2719.84 0.856687 0.515837 -7.02393e-06 4.64361 -0.000200279 0.000346233 1 0.0246508
0.513423 -0.858136 0.000380052 2719.86 0.858136 0.513423 1.88833e-05 4.67812 -0.000211332 0.000316442 1 0.0249421
0.510956 -0.859607 0.000372844 2719.88 0.859607 0.510956 5.06794e-05 4.71269 -0.000234071 0.000294604 1 0.0252346
0.50854 -0.861039 0.00038165 2719.9 0.861039 0.50854 6.96194e-05 4.74732 -0.000254029 0.000293211 1 0.0255269
0.506139 -0.862452 0.000384515 2719.92 0.862452 0.506139 6.61546e-05 4.782 -0.000251673 0.000298142 1 0.0258202
0.503717 -0.863868 0.000369562 2719.94 0.863868 0.503717 7.11309e-05 4.81674 -0.000247603 0.000283423 1 0.0261153
0.501323 -0.86526 0.000393025 2719.97 0.86526 0.501323 7.64132e-05 4.85154 -0.00026315 0.000301762 1 0.0264126
0.498948 -0.866632 0.000421494 2719.99 0.866632 0.498948 9.65324e-05 4.8864 -0.000293962 0.000317116 1 0.0267117
0.49657 -0.867997 0.000438138 2720.01 0.867997 0.49657 9.00529e-05 4.92131 -0.000295732 0.000335585 1 0.0270124
0.494207 -0.869344 0.000384689 2720.03 0.869344 0.494207 0.00011739 4.95628 -0.000292168 0.000276413 1 0.0273156
0.491884 -0.87066 0.000453126 2720.04 0.87066 0.491885 0.00011166 4.9913 -0.000320103 0.000339595 1 0.0276214
0.489515 -0.871995 0.000453083 2720.06 0.871995 0.489515 9.15848e-05 5.02637 -0.000301652 0.000350254 1 0.0279292
0.487156 -0.873315 0.000457691 2720.08 0.873315 0.487156 9.29201e-05 5.0615 -0.000304116 0.000354442 1 0.0282396
0.484833 -0.874607 0.000443493 2720.1 0.874607 0.484833 5.22551e-05 5.09669 -0.000260723 0.000362547 1 0.028552
0.482498 -0.875897 0.000477793 2720.12 0.875897 0.482498 4.63659e-05 5.13192 -0.000271146 0.000396126 1 0.0288665
0.480162 -0.87718 0.000421054 2720.14 0.87718 0.480162 6.84379e-05 5.16721 -0.000262206 0.000336478 1 0.0291822
0.477816 -0.87846 0.00044582 2720.16 0.87846 0.477816 2.63491e-05 5.20254 -0.000236167 0.000379045 1 0.0294988
0.475506 -0.879713 0.000393473 2720.18 0.879713 0.475506 6.05925e-05 5.23793 -0.000240402 0.000317331 1 0.0298172
0.473183 -0.880964 0.000366768 2720.2 0.880964 0.473183 4.14903e-05 5.27336 -0.0002101 0.000303477 1 0.0301371
0.470889 -0.882192 0.000360577 2720.22 0.882192 0.470889 6.00616e-05 5.30885 -0.000222778 0.000289816 1 0.0304585
0.468572 -0.883425 0.000355727 2720.24 0.883425 0.468572 5.94306e-05 5.34439 -0.000219186 0.000286411 1 0.0307811
0.466333 -0.884609 0.000345648 2720.26 0.884609 0.466333 3.00808e-05 5.37997 -0.000187797 0.000291736 1 0.0311056
0.464091 -0.885787 0.000301469 2720.28 0.885787 0.464091 1.45103e-05 5.4156 -0.000152762 0.000260304 1 0.0314323
0.461859 -0.886953 0.000297896 2720.29 0.886953 0.461859 -3.21078e-05 5.45128 -0.000109108 0.000279049 1 0.0317607
0.45962 -0.888115 0.000320517 2720.31 0.888115 0.45962 -6.97971e-05 5.487 -8.53282e-05 0.000316736 1 0.0320902
0.457423 -0.889249 0.000332771 2720.33 0.889249 0.457423 -3.68753e-05 5.52278 -0.000119426 0.000312784 1 0.0324212
0.455193 -0.890393 0.000341465 2720.35 0.890393 0.455193 -4.55575e-05 5.55859 -0.000114869 0.000324776 1 0.0327539
0.452953 -0.891534 0.000346328 2720.37 0.891535 0.452953 -5.58637e-05 5.59446 -0.000107066 0.000334067 1 0.0330887
0.450761 -0.892644 0.000330484 2720.39 0.892644 0.450761 -8.44657e-05 5.63037 -7.35715e-05 0.000333078 1 0.0334259
0.448587 -0.893739 0.000288402 2720.4 0.893739 0.448587 -7.51816e-05 5.66632 -6.21804e-05 0.000291481 1 0.0337639
0.446422 -0.894822 0.000320202 2720.42 0.894822 0.446422 -5.49522e-05 5.70232 -9.37727e-05 0.000311055 1 0.0341025
0.444254 -0.895901 0.000306681 2720.44 0.895901 0.444254 -7.19733e-05 5.73837 -7.17633e-05 0.00030673 1 0.0344431
0.442107 -0.896962 0.000327288 2720.46 0.896962 0.442107 -6.69764e-05 5.77446 -8.46212e-05 0.000323176 1 0.0347852
0.439988 -0.898004 0.000356407 2720.47 0.898004 0.439988 -5.42199e-05 5.81059 -0.000108125 0.000343911 1 0.0351283
0.437859 -0.899044 0.000358931 2720.49 0.899044 0.437859 -1.7739e-05 5.84677 -0.000141213 0.000330462 1 0.0354734
0.435707 -0.900088 0.000321753 2720.51 0.900088 0.435707 1.67725e-05 5.88298 -0.000155287 0.000282299 1 0.03582
0.433546 -0.901131 0.00031407 2720.53 0.901131 0.433546 1.72625e-05 5.91924 -0.00015172 0.000275535 1 0.0361679
0.431445 -0.902139 0.000347634 2720.54 0.902139 0.431446 5.78994e-05 5.95554 -0.000202218 0.000288634 1 0.0365166
0.429316 -0.903154 0.000346727 2720.56 0.903154 0.429316 8.46363e-05 5.99188 -0.000225295 0.000276812 1 0.0368666
0.427201 -0.904156 0.000365531 2720.58 0.904156 0.427201 8.399e-05 6.02826 -0.000232095 0.000294616 1 0.0372179
0.425101 -0.905146 0.000329547 2720.6 0.905146 0.425101 5.4285e-05 6.06468 -0.000189227 0.000275212 1 0.0375711
0.423004 -0.906128 0.00030733 2720.61 0.906128 0.423004 7.95908e-05 6.10114 -0.000202121 0.000244813 1 0.0379267
0.420914 -0.9071 0.000334145 2720.63 0.9071 0.420914 0.00012015 6.13764 -0.000249635 0.000252531 1 0.0382831
0.418895 -0.908035 0.00030875 2720.65 0.908035 0.418895 8.9713e-05 6.17418 -0.000210796 0.000242776 1 0.0386401
0.416785 -0.909005 0.00028459 2720.66 0.909005 0.416785 8.08622e-05 6.21076 -0.000192117 0.000224992 1 0.038998
0.414754 -0.909933 0.000293731 2720.68 0.909933 0.414754 8.5173e-05 6.24737 -0.000199328 0.00023195 1 0.0393571
0.412718 -0.910859 0.000270139 2720.7 0.910859 0.412718 0.000113636 6.28402 -0.000214997 0.000199159 1 0.0397185
0.410699 -0.911771 0.000273099 2720.71 0.911771 0.410699 0.000124054 6.32071 -0.000225271 0.000198055 1 0.0400816
0.408656 -0.912688 0.000298938 2720.73 0.912688 0.408656 0.00011813 6.35744 -0.000229979 0.000224562 1 0.0404454
0.406654 -0.913582 0.000277239 2720.75 0.913582 0.406654 9.61613e-05 6.3942 -0.000200592 0.000214176 1 0.0408102
0.404643 -0.914475 0.000292716 2720.76 0.914475 0.404643 0.000101295 6.43099 -0.000211077 0.000226693 1 0.0411762
0.40265 -0.915354 0.000333921 2720.78 0.915354 0.40265 6.52045e-05 6.46783 -0.000194138 0.000279401 1 0.0415436
0.400641 -0.916235 0.000302693 2720.8 0.916235 0.400641 7.72026e-05 6.50469 -0.000192007 0.000246407 1 0.041912
0.398649 -0.917103 0.000340137 2720.81 0.917104 0.398649 0.000100684 6.5416 -0.000227933 0.000271803 1 0.0422818
0.396687 -0.917954 0.000400844 2720.83 0.917954 0.396688 0.000105696 6.57854 -0.000256034 0.000326028 1 0.0426529
0.39473 -0.918797 0.000439132 2720.84 0.918797 0.39473 8.79143e-05 6.61551 -0.000254114 0.000368771 1 0.0430261
0.392801 -0.919624 0.00041506 2720.86 0.919624 0.392801 0.000100324 6.65251 -0.000255297 0.000342292 1 0.0434021
0.390828 -0.920464 0.000430272 2720.87 0.920464 0.390828 8.53173e-05 6.68955 -0.000246694 0.000362706 1 0.0437809
0.388876 -0.92129 0.000404923 2720.89 0.92129 0.388876 0.000113892 6.72663 -0.000262393 0.000328762 1 0.0441624
0.386922 -0.922112 0.000420398 2720.91 0.922112 0.386922 0.000115321 6.76373 -0.000269 0.000343034 1 0.0445461
0.385002 -0.922916 0.000422567 2720.92 0.922916 0.385002 9.86763e-05 6.80087 -0.000253759 0.000352003 1 0.0449324
0.38308 -0.923715 0.000420632 2720.94 0.923715 0.38308 9.39023e-05 6.83803 -0.000247875 0.000352573 1 0.0453206
0.381246 -0.924473 0.000444551 2720.95 0.924473 0.381246 9.27502e-05 6.87523 -0.000255229 0.000375615 1 0.0457101
0.379355 -0.925251 0.000421761 2720.97 0.925251 0.379355 8.35308e-05 6.91246 -0.000237284 0.000358547 1 0.0461024
0.377443 -0.926033 0.000446828 2720.98 0.926033 0.377443 0.000102447 6.94973 -0.000263522 0.00037511 1 0.0464969
0.375558 -0.926799 0.000461608 2721 0.926799 0.375558 0.000103598 6.98702 -0.000269375 0.000388911 1 0.0468927
0.37369 -0.927554 0.000437902 2721.01 0.927554 0.37369 0.000128402 7.02434 -0.000282739 0.000358195 1 0.0472908
0.371831 -0.9283 0.00045092 2721.03 0.928301 0.371831 0.000155192 7.06169 -0.000311731 0.000360884 1 0.0476909
0.369963 -0.929046 0.000437497 2721.04 0.929046 0.369964 0.000148621 7.09907 -0.000299934 0.00035147 1 0.0480931
0.368118 -0.929779 0.000462895 2721.06 0.929779 0.368119 0.000151065 7.13648 -0.000310857 0.00037478 1 0.0484975
0.366286 -0.930502 0.000457253 2721.07 0.930502 0.366287 0.000149418 7.17393 -0.000306519 0.000370745 1 0.048903
0.364447 -0.931224 0.000487948 2721.09 0.931224 0.364448 0.000130652 7.2114 -0.000299498 0.000406773 1 0.04931
0.362643 -0.931928 0.000479708 2721.1 0.931928 0.362643 0.000119319 7.24889 -0.000285159 0.000403783 1 0.0497191
0.360833 -0.93263 0.000494138 2721.12 0.932631 0.360833 0.000112928 7.28642 -0.000283621 0.0004201 1 0.0501303
0.359034 -0.933324 0.000443227 2721.13 0.933324 0.359034 0.000107102 7.32398 -0.000259095 0.000375221 1 0.0505437
0.357221 -0.93402 0.00045565 2721.14 0.93402 0.357221 0.000121064 7.36156 -0.000275844 0.000382339 1 0.0509595
0.355421 -0.934706 0.000480343 2721.16 0.934706 0.355421 0.000129463 7.39917 -0.000291734 0.000402965 1 0.0513763
0.353615 -0.935391 0.000469163 2721.17 0.935391 0.353616 0.000103099 7.43682 -0.000262341 0.000402394 1 0.0517922
0.351835 -0.936062 0.00043928 2721.19 0.936062 0.351835 0.000117151 7.47448 -0.000264215 0.000369975 1 0.052209
0.350063 -0.936726 0.00041416 2721.2 0.936726 0.350063 0.000137332 7.51218 -0.000273625 0.00033988 1 0.0526274
0.348336 -0.93737 0.000404927 2721.22 0.93737 0.348336 0.000128377 7.5499 -0.000261387 0.000334848 1 0.0530475
0.346587 -0.938018 0.000406945 2721.23 0.938018 0.346587 0.000135257 7.58764 -0.000267915 0.000334843 1 0.0534704
0.344843 -0.93866 0.000437943 2721.24 0.93866 0.344843 0.000101444 7.62542 -0.000246243 0.000376097 1 0.0538962
0.343109 -0.939296 0.000430694 2721.26 0.939296 0.343109 0.000118423 7.66322 -0.000259009 0.000363917 1 0.0543241
0.341345 -0.939938 0.000449632 2721.27 0.939938 0.341345 0.000102332 7.70104 -0.000249666 0.000387696 1 0.054754
0.339606 -0.940568 0.000435842 2721.28 0.940568 0.339606 0.000114365 7.73889 -0.000255583 0.0003711 1 0.0551869
0.337904 -0.941181 0.000452163 2721.3 0.941181 0.337904 0.000119684 7.77676 -0.000265432 0.000385126 1 0.055623
0.336195 -0.941792 0.000476745 2721.31 0.941792 0.336195 0.000153982 7.81466 -0.000305298 0.000397227 1 0.0560614
0.334499 -0.942396 0.000488351 2721.33 0.942396 0.334499 0.000161481 7.85258 -0.000315532 0.000406204 1 0.0565013
0.332808 -0.942995 0.000463969 2721.34 0.942995 0.332808 0.000142064 7.89053 -0.000288378 0.00039024 1 0.056943
0.331145 -0.94358 0.000464917 2721.35 0.94358 0.331146 0.000152311 7.9285 -0.000297673 0.000388249 1 0.0573873
0.329437 -0.944177 0.000440235 2721.37 0.944177 0.329437 9.48356e-05 7.9665 -0.000234571 0.000384417 1 0.0578335
0.327792 -0.94475 0.000430852 2721.38 0.94475 0.327792 6.81843e-05 8.00451 -0.000205647 0.000384697 1 0.0582817
0.326077 -0.945343 0.000422911 2721.39 0.945343 0.326077 5.51685e-05 8.04256 -0.000190054 0.000381807 1 0.0587318
0.324416 -0.945915 0.000409406 2721.4 0.945915 0.324416 5.0194e-05 8.08062 -0.000180297 0.00037098 1 0.0591827
0.322772 -0.946477 0.00037605 2721.42 0.946477 0.322772 4.9937e-05 8.11871 -0.000168643 0.000339805 1 0.0596349
0.321168 -0.947022 0.000379951 2721.43 0.947022 0.321168 7.30647e-05 8.15681 -0.000191222 0.000336356 1 0.0600887
0.319513 -0.947582 0.00033076 2721.44 0.947582 0.319513 8.54415e-05 8.19494 -0.000186645 0.000286123 1 0.0605443
0.317907 -0.948122 0.000352898 2721.46 0.948122 0.317907 7.5191e-05 8.23309 -0.000183479 0.000310687 1 0.0610031
0.316315 -0.948654 0.000360084 2721.47 0.948654 0.316315 7.5585e-05 8.27127 -0.000185604 0.000317686 1 0.0614636
0.314696 -0.949192 0.000368065 2721.48 0.949192 0.314696 5.34909e-05 8.30946 -0.000166602 0.000332531 1 0.0619248
0.313116 -0.949715 0.000338889 2721.49 0.949715 0.313116 4.92167e-05 8.34768 -0.000152853 0.000306438 1 0.0623875
0.311518 -0.95024 0.000369114 2721.51 0.95024 0.311518 7.40228e-05 8.38592 -0.000185325 0.000327688 1 0.0628528
0.30992 -0.950763 0.000381081 2721.52 0.950763 0.30992 9.28054e-05 8.42418 -0.000206341 0.000333556 1 0.0633211
0.308385 -0.951262 0.000378739 2721.53 0.951262 0.308385 0.000115702 8.46246 -0.00022686 0.000324599 1 0.0637915
0.306833 -0.951763 0.000347421 2721.54 0.951763 0.306833 0.00016689 8.50076 -0.00026544 0.000279456 1 0.0642632
0.305278 -0.952263 0.000350111 2721.56 0.952263 0.305278 0.000164712 8.53908 -0.00026373 0.000283115 1 0.0647363
0.303702 -0.952767 0.000380563 2721.57 0.952767 0.303702 0.000179823 8.57742 -0.000286907 0.000307975 1 0.0652106
0.302143 -0.953263 0.000335414 2721.58 0.953263 0.302143 0.000193972 8.61578 -0.000286249 0.00026113 1 0.0656866
0.300631 -0.953741 0.000370408 2721.59 0.953741 0.300631 0.000208239 8.65416 -0.000309962 0.00029067 1 0.0661652
0.299071 -0.954231 0.000368537 2721.6 0.954231 0.299071 0.000195794 8.69256 -0.000297051 0.000293113 1 0.0666465
0.297585 -0.954695 0.000316642 2721.62 0.954695 0.297585 0.000209411 8.73097 -0.000294151 0.000239979 1 0.0671297
0.296064 -0.955168 0.000317751 2721.63 0.955168 0.296064 0.000151966 8.76941 -0.000239228 0.000258514 1 0.0676147
0.294571 -0.95563 0.000324016 2721.64 0.95563 0.294571 0.000126594 8.80787 -0.000216422 0.000272348 1 0.0681011
0.293061 -0.956094 0.000347933 2721.65 0.956094 0.293061 0.000123851 8.84634 -0.000220379 0.000296361 1 0.0685898
0.291595 -0.956542 0.000333769 2721.66 0.956542 0.291595 0.000109895 8.88484 -0.000202445 0.000287219 1 0.0690809
0.29016 -0.956978 0.000341584 2721.67 0.956978 0.29016 0.000131092 8.92335 -0.000224566 0.00028885 1 0.0695739
0.288682 -0.957425 0.000366814 2721.69 0.957425 0.288682 0.000163934 8.96189 -0.000262847 0.000303872 1 0.0700685
0.287216 -0.957866 0.000400107 2721.7 0.957866 0.287216 0.000128931 9.00044 -0.000238416 0.000346217 1 0.0705647
0.285731 -0.95831 0.000362997 2721.71 0.95831 0.285731 0.000119392 9.03901 -0.000218134 0.00031375 1 0.0710629
0.284304 -0.958734 0.000326943 2721.72 0.958734 0.284304 0.000130365 9.0776 -0.000217937 0.000276388 1 0.0715626
0.282844 -0.959166 0.000307466 2721.73 0.959166 0.282844 0.000104895 9.1162 -0.000187577 0.000265242 1 0.072064
0.281403 -0.95959 0.000303004 2721.74 0.95959 0.281403 7.37438e-05 9.15483 -0.00015603 0.000270008 1 0.072567
0.279995 -0.960002 0.000314647 2721.75 0.960002 0.279995 0.000102842 9.19346 -0.000186828 0.000273267 1 0.0730719
0.278568 -0.960416 0.000342715 2721.77 0.960416 0.278568 9.95798e-05 9.23212 -0.000191108 0.000301409 1 0.0735785
0.277144 -0.960828 0.000315349 2721.78 0.960828 0.277144 0.000103407 9.27079 -0.000186753 0.000274337 1 0.0740862
0.275722 -0.961237 0.000319136 2721.79 0.961237 0.275722 0.000116604 9.30948 -0.000200077 0.000274615 1 0.0745946
0.274321 -0.961638 0.000325769 2721.8 0.961638 0.274321 0.000118098 9.34818 -0.000202933 0.000280875 1 0.0751035
0.27291 -0.962039 0.000329493 2721.81 0.962039 0.27291 0.000104338 9.3869 -0.0001903 0.00028851 1 0.0756135
0.271532 -0.962429 0.000319785 2721.82 0.96243 0.271532 9.29114e-05 9.42564 -0.000176252 0.000282542 1 0.0761249
0.270153 -0.962817 0.000300019 2721.83 0.962817 0.270153 5.85136e-05 9.46439 -0.000137389 0.000273056 1 0.076638
0.268788 -0.963199 0.000290566 2721.84 0.963199 0.268788 5.58908e-05 9.50316 -0.000131934 0.00026485 1 0.0771528
0.267398 -0.963586 0.000258656 2721.85 0.963586 0.267398 5.4465e-05 9.54194 -0.000121646 0.000234673 1 0.0776693
0.266033 -0.963964 0.000259635 2721.86 0.963964 0.266033 5.64985e-05 9.58074 -0.000123534 0.000235249 1 0.0781871
0.264662 -0.964341 0.000232233 2721.87 0.964341 0.264662 7.56576e-05 9.61955 -0.000134423 0.000203928 1 0.0787068
0.263265 -0.964724 0.000220688 2721.88 0.964724 0.263265 5.5836e-05 9.65837 -0.000111966 0.000198204 1 0.0792273
0.261926 -0.965088 0.000207355 2721.9 0.965088 0.261926 7.99237e-05 9.69722 -0.000131445 0.000179182 1 0.0797479
0.260544 -0.965462 0.000259404 2721.91 0.965462 0.260544 4.45574e-05 9.73607 -0.000110605 0.000238835 1 0.0802693
0.259198 -0.965824 0.000282019 2721.92 0.965824 0.259198 2.78514e-05 9.77494 -9.99983e-05 0.000265162 1 0.0807915
0.257859 -0.966182 0.000285075 2721.93 0.966182 0.257859 5.79141e-05 9.81383 -0.000129465 0.000260501 1 0.0813149
0.256534 -0.966535 0.000301109 2721.94 0.966535 0.256534 6.42959e-05 9.85273 -0.000139389 0.000274539 1 0.0818395
0.255223 -0.966882 0.0003202 2721.95 0.966882 0.255223 4.89084e-05 9.89164 -0.000129011 0.000297113 1 0.0823659
0.253919 -0.967225 0.000355161 2721.96 0.967225 0.253919 1.72726e-05 9.93056 -0.000106889 0.000339135 1 0.0828941
0.252646 -0.967559 0.000368439 2721.97 0.967559 0.252646 1.50536e-05 9.9695 -0.00010765 0.000352683 1 0.0834237
0.25132 -0.967904 0.000329691 2721.98 0.967904 0.25132 3.91157e-06 10.0085 -8.66439e-05 0.000318126 1 0.0839549
0.250022 -0.96824 0.000315157 2721.99 0.96824 0.250022 -2.88744e-05 10.0474 -5.08386e-05 0.000312367 1 0.0844878
0.248702 -0.96858 0.000263014 2722 0.96858 0.248702 -7.48036e-05 10.0864 7.04108e-06 0.000273354 1 0.0850229
0.247432 -0.968905 0.000236938 2722.01 0.968905 0.247432 -8.6764e-05 10.1254 2.544e-05 0.000251039 1 0.0855603
0.246157 -0.96923 0.000268363 2722.02 0.96923 0.246157 -7.40916e-05 10.1644 5.75215e-06 0.000278344 1 0.0860987
0.244888 -0.969551 0.00023179 2722.03 0.969551 0.244888 -3.94091e-05 10.2034 -1.85535e-05 0.000234383 1 0.0866388
0.243629 -0.969869 0.000228072 2722.04 0.969869 0.243629 -5.58542e-05 10.2424 -1.39368e-06 0.000234808 1 0.0871814
0.242329 -0.970194 0.000212354 2722.05 0.970194 0.242329 -4.47644e-05 10.2815 -8.02935e-06 0.000216872 1 0.0877256
0.241099 -0.970501 0.000215929 2722.06 0.970501 0.241099 -8.56243e-05 10.3206 3.10384e-05 0.000230203 1 0.0882718
0.239847 -0.970811 0.000200898 2722.07 0.970811 0.239847 -0.000108224 10.3596 5.68806e-05 0.000220991 1 0.0888196
0.238601 -0.971118 0.000180943 2722.08 0.971118 0.238601 -0.000109732 10.3987 6.33892e-05 0.000201899 1 0.0893689
0.237359 -0.971422 0.000192921 2722.08 0.971422 0.237359 -0.000115287 10.4378 6.6201e-05 0.000214772 1 0.0899204
0.236148 -0.971717 0.000181928 2722.09 0.971717 0.236148 -0.000116143 10.4769 6.98959e-05 0.000204209 1 0.0904735
0.234908 -0.972018 0.000199736 2722.1 0.972018 0.234908 -6.96911e-05 10.516 2.08214e-05 0.000210518 1 0.0910278
0.233651 -0.97232 0.000234971 2722.11 0.972321 0.233651 -9.16648e-05 10.5552 3.42264e-05 0.000249884 1 0.0915838
0.232487 -0.9726 0.000198842 2722.12 0.9726 0.232487 -0.000106173 10.5943 5.70354e-05 0.000218077 1 0.0921407
0.231259 -0.972892 0.000197392 2722.13 0.972892 0.231259 -0.000109735 10.6334 6.11116e-05 0.000217419 1 0.0926987
0.230061 -0.973176 0.000199821 2722.14 0.973176 0.230061 -9.30434e-05 10.6726 4.45766e-05 0.000215867 1 0.0932587
0.228862 -0.973459 0.00019434 2722.15 0.973459 0.228862 -0.000106858 10.7118 5.95446e-05 0.000213638 1 0.0938206
0.227695 -0.973733 0.000175211 2722.16 0.973733 0.227694 -9.86374e-05 10.751 5.61518e-05 0.000193068 1 0.0943838
0.226502 -0.974011 0.000194936 2722.17 0.974011 0.226502 -0.000112588 10.7902 6.55091e-05 0.000215371 1 0.0949481
0.225336 -0.974281 0.000190902 2722.18 0.974281 0.225336 -0.000116751 10.8294 7.07315e-05 0.000212301 1 0.0955137
0.224169 -0.97455 0.00020113 2722.19 0.97455 0.224169 -0.000117914 10.8686 6.98266e-05 0.000222444 1 0.0960807
0.223045 -0.974808 0.000201717 2722.2 0.974808 0.223045 -0.000103189 10.9078 5.55979e-05 0.000219651 1 0.0966494
0.221896 -0.97507 0.000213021 2722.2 0.97507 0.221896 -0.000155119 10.9471 0.000103983 0.000242131 1 0.09722
0.220784 -0.975323 0.000210837 2722.21 0.975323 0.220784 -0.000149764 10.9863 9.95184e-05 0.0002387 1 0.0977936
0.219669 -0.975574 0.000208054 2722.22 0.975575 0.219669 -0.000146381 11.0256 9.71029e-05 0.000235127 1 0.0983704
0.218542 -0.975827 0.000209251 2722.23 0.975827 0.218542 -0.000130342 11.0648 8.14615e-05 0.000232678 1 0.0989489
0.217438 -0.976074 0.000203327 2722.24 0.976074 0.217438 -0.000149152 11.1041 0.000101372 0.000230893 1 0.0995293
0.216324 -0.976322 0.000232593 2722.25 0.976322 0.216324 -0.000161053 11.1434 0.000106924 0.000261925 1 0.100111
0.215192 -0.976572 0.000260561 2722.26 0.976572 0.215192 -0.000158834 11.1827 9.90425e-05 0.000288637 1 0.100695
0.214086 -0.976815 0.000268403 2722.26 0.976815 0.214086 -0.000128195 11.222 6.77611e-05 0.000289625 1 0.10128
0.212983 -0.977056 0.000263337 2722.27 0.977056 0.212983 -0.000114729 11.2614 5.60097e-05 0.000281731 1 0.101867
0.211857 -0.977301 0.000256656 2722.28 0.977301 0.211857 -0.000109902 11.3007 5.30329e-05 0.000274114 1 0.102456
0.210743 -0.977542 0.000252686 2722.29 0.977542 0.210743 -0.000125239 11.34 6.91746e-05 0.000273404 1 0.103047
0.209655 -0.977775 0.0002415 2722.3 0.977775 0.209655 -0.000121815 11.3794 6.84756e-05 0.000261672 1 0.10364
