0.969528 -0.244981 0 2714.57 0.244981 0.969528 0 0.323465 0 0 1 0
0.968291 -0.249825 0 2714.61 0.249825 0.968291 0 0.333308 0 0 1 0
0.967017 -0.254712 0 2714.65 0.254712 0.967017 0 0.343346 0 0 1 0
0.965705 -0.259641 0 2714.69 0.259641 0.965705 0 0.353581 0 0 1 0
0.964355 -0.26461 0 2714.73 0.26461 0.964355 0 0.364013 0 0 1 0
0.962966 -0.269622 0 2714.77 0.269622 0.962966 0 0.374645 0 0 1 0
0.961538 -0.274673 0 2714.81 0.274673 0.961538 0 0.385479 0 0 1 0
0.960068 -0.279766 0 2714.84 0.279766 0.960068 0 0.396515 0 0 1 0
0.958558 -0.284898 0 2714.88 0.284898 0.958558 0 0.407756 0 0 1 0
0.957005 -0.29007 0 2714.92 0.29007 0.957005 0 0.419203 0 0 1 0
0.95541 -0.295281 0 2714.96 0.295281 0.95541 0 0.430858 0 0 1 0
0.953772 -0.300532 0 2715 0.300532 0.953772 0 0.442723 0 0 1 0
0.952089 -0.30582 0 2715.04 0.30582 0.952089 0 0.454798 0 0 1 0
0.950362 -0.311147 0 2715.07 0.311147 0.950362 0 0.467086 0 0 1 0
0.948589 -0.316512 0 2715.11 0.316512 0.948589 0 0.479588 0 0 1 0
0.946769 -0.321914 0 2715.15 0.321914 0.946769 0 0.492305 0 0 1 0
0.944902 -0.327352 0 2715.19 0.327352 0.944902 0 0.50524 0 0 1 0
0.94299 -0.332821 0 2715.23 0.332821 0.94299 0 0.518393 0 0 1 0
0.941034 -0.338313 0 2715.26 0.338313 0.941034 0 0.531765 0 0 1 0
0.939035 -0.343822 0 2715.3 0.343822 0.939035 0 0.545359 0 0 1 0
0.936996 -0.349341 0 2715.34 0.349341 0.936996 0 0.559174 0 0 1 0
0.934918 -0.354865 0 2715.38 0.354865 0.934918 0 0.57321 0 0 1 0
0.932802 -0.36039 0 2715.42 0.36039 0.932802 0 0.587469 0 0 1 0
0.93065 -0.365911 0 2715.45 0.365911 0.93065 0 0.601949 0 0 1 0
0.928463 -0.371424 0 2715.49 0.371424 0.928463 0 0.616651 0 0 1 0
0.926243 -0.376926 0 2715.53 0.376926 0.926243 0 0.631575 0 0 1 0
0.923991 -0.382414 0 2715.56 0.382414 0.923991 0 0.64672 0 0 1 0
0.921708 -0.387885 0 2715.6 0.387885 0.921708 0 0.662085 0 0 1 0
0.919395 -0.393336 0 2715.64 0.393336 0.919395 0 0.677671 0 0 1 0
0.917053 -0.398765 0 2715.68 0.398765 0.917053 0 0.693475 0 0 1 0
0.914684 -0.40417 0 2715.71 0.40417 0.914684 0 0.709497 0 0 1 0
0.912288 -0.409549 0 2715.75 0.409549 0.912288 0 0.725737 0 0 1 0
0.909866 -0.414901 0 2715.79 0.414901 0.909866 0 0.742192 0 0 1 0
0.90742 -0.420225 0 2715.82 0.420225 0.90742 0 0.758863 0 0 1 0
0.90495 -0.425518 0 2715.86 0.425518 0.90495 0 0.775748 0 0 1 0
0.902457 -0.43078 0 2715.9 0.43078 0.902457 0 0.792845 0 0 1 0
0.899942 -0.436009 0 2715.93 0.436009 0.899942 0 0.810154 0 0 1 0
0.897406 -0.441206 0 2715.97 0.441206 0.897406 0 0.827673 0 0 1 0
0.894849 -0.446369 0 2716 0.446369 0.894849 0 0.8454 0 0 1 0
0.892273 -0.451497 0 2716.04 0.451497 0.892273 0 0.863335 0 0 1 0
0.889677 -0.45659 0 2716.08 0.45659 0.889677 0 0.881477 0 0 1 0
0.887063 -0.461648 0 2716.11 0.461648 0.887063 0 0.899822 0 0 1 0
0.884432 -0.46667 0 2716.15 0.46667 0.884432 0 0.918371 0 0 1 0
0.881783 -0.471655 0 2716.18 0.471655 0.881783 0 0.937122 0 0 1 0
0.879119 -0.476603 0 2716.22 0.476603 0.879119 0 0.956073 0 0 1 0
0.876438 -0.481515 0 2716.25 0.481515 0.876438 0 0.975223 0 0 1 0
0.873743 -0.486389 0 2716.29 0.486389 0.873743 0 0.994571 0 0 1 0
0.871032 -0.491226 0 2716.32 0.491226 0.871032 0 1.01411 0 0 1 0
0.868308 -0.496025 0 2716.36 0.496025 0.868308 0 1.03385 0 0 1 0
0.865571 -0.500787 0 2716.39 0.500787 0.865571 0 1.05378 0 0 1 0
0.86282 -0.505511 0 2716.43 0.505511 0.86282 0 1.0739 0 0 1 0
0.860057 -0.510197 0 2716.46 0.510197 0.860057 0 1.09421 0 0 1 0
0.857283 -0.514846 0 2716.5 0.514846 0.857283 0 1.11471 0 0 1 0
0.854496 -0.519457 0 2716.53 0.519457 0.854496 0 1.1354 0 0 1 0
0.851699 -0.524031 0 2716.57 0.524031 0.851699 0 1.15627 0 0 1 0
0.848892 -0.528567 0 2716.6 0.528567 0.848892 0 1.17733 0 0 1 0
0.846074 -0.533065 0 2716.63 0.533065 0.846074 0 1.19857 0 0 1 0
0.843247 -0.537526 0 2716.67 0.537526 0.843247 0 1.21998 0 0 1 0
0.840411 -0.54195 0 2716.7 0.54195 0.840411 0 1.24158 0 0 1 0
0.837565 -0.546337 0 2716.74 0.546337 0.837565 0 1.26336 0 0 1 0
0.834712 -0.550687 0 2716.77 0.550687 0.834712 0 1.28531 0 0 1 0
0.831851 -0.554999 0 2716.8 0.554999 0.831851 0 1.30744 0 0 1 0
0.828982 -0.559276 0 2716.84 0.559276 0.828982 0 1.32974 0 0 1 0
0.826106 -0.563515 0 2716.87 0.563515 0.826106 0 1.35221 0 0 1 0
0.823223 -0.567718 0 2716.9 0.567718 0.823223 0 1.37485 0 0 1 0
0.820334 -0.571885 0 2716.94 0.571885 0.820334 0 1.39766 0 0 1 0
0.817438 -0.576016 0 2716.97 0.576016 0.817438 0 1.42064 0 0 1 0
0.814537 -0.580111 0 2717 0.580111 0.814537 0 1.44378 0 0 1 0
0.811631 -0.584171 0 2717.04 0.584171 0.811631 0 1.46709 0 0 1 0
0.808719 -0.588195 0 2717.07 0.588195 0.808719 0 1.49056 0 0 1 0
0.805803 -0.592184 0 2717.1 0.592184 0.805803 0 1.5142 0 0 1 0
0.802882 -0.596138 0 2717.13 0.596138 0.802882 0 1.53799 0 0 1 0
0.799957 -0.600057 0 2717.16 0.600057 0.799957 0 1.56194 0 0 1 0
0.797029 -0.603941 0 2717.2 0.603941 0.797029 0 1.58605 0 0 1 0
0.794097 -0.607791 0 2717.23 0.607791 0.794097 0 1.61032 0 0 1 0
0.791162 -0.611607 0 2717.26 0.611607 0.791162 0 1.63474 0 0 1 0
0.788223 -0.615389 0 2717.29 0.615389 0.788223 0 1.65932 0 0 1 0
0.785283 -0.619137 0 2717.32 0.619137 0.785283 0 1.68404 0 0 1 0
0.78234 -0.622852 0 2717.36 0.622852 0.78234 0 1.70892 0 0 1 0
0.779394 -0.626534 0 2717.39 0.626534 0.779394 0 1.73395 0 0 1 0
0.776447 -0.630182 0 2717.42 0.630182 0.776447 0 1.75912 0 0 1 0
0.773499 -0.633798 0 2717.45 0.633798 0.773499 0 1.78444 0 0 1 0
0.770549 -0.637381 0 2717.48 0.637381 0.770549 0 1.80991 0 0 1 0
0.767598 -0.640932 0 2717.51 0.640932 0.767598 0 1.83552 0 0 1 0
0.764646 -0.64445 0 2717.54 0.64445 0.764646 0 1.86127 0 0 1 0
0.761694 -0.647937 0 2717.57 0.647937 0.761694 0 1.88716 0 0 1 0
0.758741 -0.651392 0 2717.6 0.651392 0.758741 0 1.9132 0 0 1 0
0.755789 -0.654816 0 2717.63 0.654816 0.755789 0 1.93937 0 0 1 0
0.752836 -0.658208 0 2717.66 0.658208 0.752836 0 1.96568 0 0 1 0
0.749884 -0.661569 0 2717.7 0.661569 0.749884 0 1.99213 0 0 1 0
0.746932 -0.6649 0 2717.73 0.6649 0.746932 0 2.01871 0 0 1 0
0.743982 -0.6682 0 2717.76 0.6682 0.743982 0 2.04543 0 0 1 0
0.741032 -0.67147 0 2717.79 0.67147 0.741032 0 2.07227 0 0 1 0
0.738083 -0.67471 0 2717.81 0.67471 0.738083 0 2.09925 0 0 1 0
0.735136 -0.67792 0 2717.84 0.67792 0.735136 0 2.12636 0 0 1 0
0.73219 -0.6811 0 2717.87 0.6811 0.73219 0 2.1536 0 0 1 0
0.729246 -0.684251 0 2717.9 0.684251 0.729246 0 2.18097 0 0 1 0
0.726304 -0.687373 0 2717.93 0.687373 0.726304 0 2.20846 0 0 1 0
0.723365 -0.690466 0 2717.96 0.690466 0.723365 0 2.23608 0 0 1 0
0.720427 -0.69353 0 2717.99 0.69353 0.720427 0 2.26382 0 0 1 0
0.717493 -0.696566 0 2718.02 0.696566 0.717493 0 2.29169 0 0 1 0
0.71456 -0.699574 0 2718.05 0.699574 0.71456 0 2.31968 0 0 1 0
0.711631 -0.702553 0 2718.08 0.702553 0.711631 0 2.34779 0 0 1 0
0.708705 -0.705505 0 2718.11 0.705505 0.708705 0 2.37602 0 0 1 0
0.705782 -0.708429 0 2718.13 0.708429 0.705782 0 2.40436 0 0 1 0
0.702862 -0.711326 0 2718.16 0.711326 0.702862 0 2.43283 0 0 1 0
0.699946 -0.714196 0 2718.19 0.714196 0.699946 0 2.46141 0 0 1 0
0.697034 -0.717038 0 2718.22 0.717038 0.697034 0 2.4901 0 0 1 0
0.694125 -0.719854 0 2718.25 0.719854 0.694125 0 2.51891 0 0 1 0
0.691221 -0.722644 0 2718.28 0.722644 0.691221 0 2.54784 0 0 1 0
0.68832 -0.725407 0 2718.3 0.725407 0.68832 0 2.57687 0 0 1 0
0.685424 -0.728144 0 2718.33 0.728144 0.685424 0 2.60602 0 0 1 0
0.682532 -0.730856 0 2718.36 0.730856 0.682532 0 2.63528 0 0 1 0
0.679645 -0.733541 0 2718.39 0.733541 0.679645 0 2.66464 0 0 1 0
0.676762 -0.736202 0 2718.41 0.736202 0.676762 0 2.69412 0 0 1 0
0.673884 -0.738837 0 2718.44 0.738837 0.673884 0 2.7237 0 0 1 0
0.671011 -0.741447 0 2718.47 0.741447 0.671011 0 2.75338 0 0 1 0
0.668143 -0.744033 0 2718.49 0.744033 0.668143 0 2.78318 0 0 1 0
0.665281 -0.746593 0 2718.52 0.746593 0.665281 0 2.81307 0 0 1 0
0.662423 -0.74913 0 2718.55 0.74913 0.662423 0 2.84307 0 0 1 0
0.659571 -0.751642 0 2718.57 0.751642 0.659571 0 2.87317 0 0 1 0
0.656725 -0.75413 0 2718.6 0.75413 0.656725 0 2.90337 0 0 1 0
0.653884 -0.756595 0 2718.63 0.756595 0.653884 0 2.93367 0 0 1 0
0.651049 -0.759036 0 2718.65 0.759036 0.651049 0 2.96407 0 0 1 0
0.648219 -0.761454 0 2718.68 0.761454 0.648219 0 2.99457 0 0 1 0
0.645396 -0.763848 0 2718.71 0.763848 0.645396 0 3.02516 0 0 1 0
0.642579 -0.76622 0 2718.73 0.76622 0.642579 0 3.05586 0 0 1 0
0.639768 -0.768568 0 2718.76 0.768568 0.639768 0 3.08664 0 0 1 0
0.636963 -0.770895 0 2718.78 0.770895 0.636963 0 3.11752 0 0 1 0
0.634164 -0.773199 0 2718.81 0.773199 0.634164 0 3.1485 0 0 1 0
0.631372 -0.77548 0 2718.83 0.77548 0.631372 0 3.17957 0 0 1 0
0.628586 -0.77774 0 2718.86 0.77774 0.628586 0 3.21072 0 0 1 0
0.625807 -0.779978 0 2718.88 0.779978 0.625807 0 3.24197 0 0 1 0
0.623035 -0.782194 0 2718.91 0.782194 0.623035 0 3.27331 0 0 1 0
0.620269 -0.784389 0 2718.94 0.784389 0.620269 0 3.30474 0 0 1 0
0.61751 -0.786563 0 2718.96 0.786563 0.61751 0 3.33626 0 0 1 0
0.614758 -0.788715 0 2718.98 0.788715 0.614758 0 3.36786 0 0 1 0
0.612014 -0.790847 0 2719.01 0.790847 0.612014 0 3.39955 0 0 1 0
0.609276 -0.792958 0 2719.03 0.792958 0.609276 0 3.43133 0 0 1 0
0.606545 -0.795049 0 2719.06 0.795049 0.606545 0 3.46319 0 0 1 0
0.603822 -0.797119 0 2719.08 0.797119 0.603822 0 3.49514 0 0 1 0
0.601106 -0.79917 0 2719.11 0.79917 0.601106 0 3.52716 0 0 1 0
0.598397 -0.8012 0 2719.13 0.8012 0.598397 0 3.55927 0 0 1 0
0.595696 -0.80321 0 2719.16 0.80321 0.595696 0 3.59147 0 0 1 0
0.593002 -0.805201 0 2719.18 0.805201 0.593002 0 3.62374 0 0 1 0
0.590315 -0.807173 0 2719.2 0.807173 0.590315 0 3.65609 0 0 1 0
0.587637 -0.809125 0 2719.23 0.809125 0.587637 0 3.68853 0 0 1 0
0.584965 -0.811058 0 2719.25 0.811058 0.584965 0 3.72104 0 0 1 0
0.582302 -0.812973 0 2719.27 0.812973 0.582302 0 3.75362 0 0 1 0
0.579646 -0.814868 0 2719.3 0.814868 0.579646 0 3.78629 0 0 1 0
0.576999 -0.816745 0 2719.32 0.816745 0.576999 0 3.81903 0 0 1 0
0.574359 -0.818604 0 2719.34 0.818604 0.574359 0 3.85185 0 0 1 0
0.571727 -0.820444 0 2719.37 0.820444 0.571727 0 3.88474 0 0 1 0
0.569103 -0.822266 0 2719.39 0.822266 0.569103 0 3.9177 0 0 1 0
0.566487 -0.824071 0 2719.41 0.824071 0.566487 0 3.95074 0 0 1 0
0.563879 -0.825858 0 2719.44 0.825858 0.563879 0 3.98385 0 0 1 0
0.561279 -0.827627 0 2719.46 0.827627 0.561279 0 4.01704 0 0 1 0
0.558687 -0.829379 0 2719.48 0.829379 0.558687 0 4.05029 0 0 1 0
0.556103 -0.831113 0 2719.5 0.831113 0.556103 0 4.08362 0 0 1 0
0.553528 -0.83283 0 2719.53 0.83283 0.553528 0 4.11701 0 0 1 0
0.550961 -0.834531 0 2719.55 0.834531 0.550961 0 4.15047 0 0 1 0
0.548402 -0.836215 0 2719.57 0.836215 0.548402 0 4.184 0 0 1 0
0.545852 -0.837882 0 2719.59 0.837882 0.545852 0 4.2176 0 0 1 0
0.54331 -0.839532 0 2719.61 0.839532 0.54331 0 4.25127 0 0 1 0
0.540776 -0.841167 0 2719.64 0.841167 0.540776 0 4.285 0 0 1 0
0.538251 -0.842785 0 2719.66 0.842785 0.538251 0 4.3188 0 0 1 0
0.535734 -0.844387 0 2719.68 0.844387 0.535734 0 4.35266 0 0 1 0
0.533226 -0.845973 0 2719.7 0.845973 0.533226 0 4.38659 0 0 1 0
0.530726 -0.847544 0 2719.72 0.847544 0.530726 0 4.42058 0 0 1 0
0.528234 -0.849099 0 2719.74 0.849099 0.528234 0 4.45464 0 0 1 0
0.525752 -0.850638 0 2719.76 0.850638 0.525752 0 4.48875 0 0 1 0
0.523277 -0.852162 0 2719.79 0.852162 0.523277 0 4.52293 0 0 1 0
0.520812 -0.853672 0 2719.81 0.853672 0.520812 0 4.55717 0 0 1 0
0.518355 -0.855166 0 2719.83 0.855166 0.518355 0 4.59147 0 0 1 0
0.515907 -0.856645 0 2719.85 0.856645 0.515907 0 4.62583 0 0 1 0
0.513467 -0.858109 0 2719.87 0.858109 0.513467 0 4.66025 0 0 1 0
0.511036 -0.859559 0 2719.89 0.859559 0.511036 0 4.69473 0 0 1 0
0.508614 -0.860995 0 2719.91 0.860995 0.508614 0 4.72927 0 0 1 0
0.5062 -0.862416 0 2719.93 0.862416 0.5062 0 4.76386 0 0 1 0
0.503795 -0.863823 0 2719.95 0.863823 0.503795 0 4.79852 0 0 1 0
0.501399 -0.865216 0 2719.97 0.865216 0.501399 0 4.83322 0 0 1 0
0.499012 -0.866595 0 2719.99 0.866595 0.499012 0 4.86799 0 0 1 0
0.496633 -0.86796 0 2720.01 0.86796 0.496633 0 4.90281 0 0 1 0
0.494264 -0.869312 0 2720.03 0.869312 0.494264 0 4.93768 0 0 1 0
0.491903 -0.87065 0 2720.05 0.87065 0.491903 0 4.97261 0 0 1 0
0.48955 -0.871975 0 2720.07 0.871975 0.48955 0 5.00759 0 0 1 0
0.487207 -0.873286 0 2720.09 0.873286 0.487207 0 5.04263 0 0 1 0
0.484873 -0.874585 0 2720.11 0.874585 0.484873 0 5.07772 0 0 1 0
0.482547 -0.87587 0 2720.13 0.87587 0.482547 0 5.11286 0 0 1 0
0.48023 -0.877143 0 2720.15 0.877143 0.48023 0 5.14805 0 0 1 0
0.477922 -0.878402 0 2720.17 0.878402 0.477922 0 5.1833 0 0 1 0
0.475623 -0.879649 0 2720.19 0.879649 0.475623 0 5.21859 0 0 1 0
0.473332 -0.880884 0 2720.21 0.880884 0.473332 0 5.25393 0 0 1 0
0.471051 -0.882106 0 2720.23 0.882106 0.471051 0 5.28933 0 0 1 0
0.468778 -0.883316 0 2720.24 0.883316 0.468778 0 5.32477 0 0 1 0
0.466514 -0.884514 0 2720.26 0.884514 0.466514 0 5.36026 0 0 1 0
0.464259 -0.885699 0 2720.28 0.885699 0.464259 0 5.3958 0 0 1 0
0.462013 -0.886873 0 2720.3 0.886873 0.462013 0 5.43139 0 0 1 0
0.459776 -0.888035 0 2720.32 0.888035 0.459776 0 5.46702 0 0 1 0
0.457547 -0.889185 0 2720.34 0.889185 0.457547 0 5.50271 0 0 1 0
0.455328 -0.890324 0 2720.36 0.890324 0.455328 0 5.53843 0 0 1 0
0.453117 -0.891451 0 2720.37 0.891451 0.453117 0 5.57421 0 0 1 0
0.450915 -0.892567 0 2720.39 0.892567 0.450915 0 5.61002 0 0 1 0
0.448722 -0.893672 0 2720.41 0.893672 0.448722 0 5.64589 0 0 1 0
0.446537 -0.894765 0 2720.43 0.894765 0.446537 0 5.6818 0 0 1 0
0.444362 -0.895847 0 2720.45 0.895847 0.444362 0 5.71775 0 0 1 0
0.442195 -0.896919 0 2720.46 0.896919 0.442195 0 5.75374 0 0 1 0
0.440037 -0.897979 0 2720.48 0.897979 0.440037 0 5.78978 0 0 1 0
0.437888 -0.899029 0 2720.5 0.899029 0.437888 0 5.82586 0 0 1 0
0.435748 -0.900069 0 2720.52 0.900069 0.435748 0 5.86198 0 0 1 0
0.433617 -0.901097 0 2720.54 0.901097 0.433617 0 5.89815 0 0 1 0
0.431494 -0.902116 0 2720.55 0.902116 0.431494 0 5.93436 0 0 1 0
0.42938 -0.903124 0 2720.57 0.903124 0.42938 0 5.9706 0 0 1 0
0.427275 -0.904122 0 2720.59 0.904122 0.427275 0 6.00689 0 0 1 0
0.425179 -0.90511 0 2720.6 0.90511 0.425179 0 6.04322 0 0 1 0
0.423091 -0.906087 0 2720.62 0.906087 0.423091 0 6.07958 0 0 1 0
0.421012 -0.907055 0 2720.64 0.907055 0.421012 0 6.11599 0 0 1 0
0.418942 -0.908013 0 2720.66 0.908013 0.418942 0 6.15244 0 0 1 0
0.41688 -0.908961 0 2720.67 0.908961 0.41688 0 6.18892 0 0 1 0
0.414827 -0.9099 0 2720.69 0.9099 0.414827 0 6.22544 0 0 1 0
0.412783 -0.910829 0 2720.71 0.910829 0.412783 0 6.262 0 0 1 0
0.410748 -0.911749 0 2720.72 0.911749 0.410748 0 6.2986 0 0 1 0
0.408721 -0.912659 0 2720.74 0.912659 0.408721 0 6.33523 0 0 1 0
0.406703 -0.913561 0 2720.76 0.913561 0.406703 0 6.3719 0 0 1 0
0.404693 -0.914453 0 2720.77 0.914453 0.404693 0 6.40861 0 0 1 0
0.402692 -0.915335 0 2720.79 0.915335 0.402692 0 6.44535 0 0 1 0
0.4007 -0.916209 0 2720.8 0.916209 0.4007 0 6.48213 0 0 1 0
0.398716 -0.917074 0 2720.82 0.917074 0.398716 0 6.51895 0 0 1 0
0.396741 -0.917931 0 2720.84 0.917931 0.396741 0 6.55579 0 0 1 0
0.394774 -0.918778 0 2720.85 0.918778 0.394774 0 6.59268 0 0 1 0
0.392816 -0.919617 0 2720.87 0.919617 0.392816 0 6.62959 0 0 1 0
0.390866 -0.920447 0 2720.88 0.920447 0.390866 0 6.66654 0 0 1 0
0.388925 -0.921269 0 2720.9 0.921269 0.388925 0 6.70353 0 0 1 0
0.386993 -0.922083 0 2720.92 0.922083 0.386993 0 6.74054 0 0 1 0
0.385068 -0.922888 0 2720.93 0.922888 0.385068 0 6.77759 0 0 1 0
0.383153 -0.923685 0 2720.95 0.923685 0.383153 0 6.81467 0 0 1 0
0.381245 -0.924474 0 2720.96 0.924474 0.381245 0 6.85179 0 0 1 0
0.379346 -0.925255 0 2720.98 0.925255 0.379346 0 6.88893 0 0 1 0
0.377456 -0.926028 0 2720.99 0.926028 0.377456 0 6.92611 0 0 1 0
0.375573 -0.926793 0 2721.01 0.926793 0.375573 0 6.96332 0 0 1 0
0.3737 -0.92755 0 2721.02 0.92755 0.3737 0 7.00056 0 0 1 0
0.371834 -0.928299 0 2721.04 0.928299 0.371834 0 7.03783 0 0 1 0
0.369977 -0.929041 0 2721.05 0.929041 0.369977 0 7.07512 0 0 1 0
0.368128 -0.929775 0 2721.07 0.929775 0.368128 0 7.11245 0 0 1 0
0.366287 -0.930502 0 2721.08 0.930502 0.366287 0 7.14981 0 0 1 0
0.364455 -0.931221 0 2721.1 0.931221 0.364455 0 7.1872 0 0 1 0
0.36263 -0.931933 0 2721.11 0.931933 0.36263 0 7.22462 0 0 1 0
0.360814 -0.932638 0 2721.13 0.932638 0.360814 0 7.26206 0 0 1 0
0.359006 -0.933335 0 2721.14 0.933335 0.359006 0 7.29953 0 0 1 0
0.357207 -0.934025 0 2721.16 0.934025 0.357207 0 7.33704 0 0 1 0
0.355415 -0.934709 0 2721.17 0.934709 0.355415 0 7.37456 0 0 1 0
0.353632 -0.935385 0 2721.18 0.935385 0.353632 0 7.41212 0 0 1 0
0.351856 -0.936054 0 2721.2 0.936054 0.351856 0 7.4497 0 0 1 0
0.350089 -0.936716 0 2721.21 0.936716 0.350089 0 7.48732 0 0 1 0
0.34833 -0.937372 0 2721.23 0.937372 0.34833 0 7.52495 0 0 1 0
0.346578 -0.938021 0 2721.24 0.938021 0.346578 0 7.56262 0 0 1 0
0.344835 -0.938663 0 2721.25 0.938663 0.344835 0 7.60031 0 0 1 0
0.3431 -0.939299 0 2721.27 0.939299 0.3431 0 7.63802 0 0 1 0
0.341372 -0.939928 0 2721.28 0.939928 0.341372 0 7.67576 0 0 1 0
0.339653 -0.940551 0 2721.3 0.940551 0.339653 0 7.71353 0 0 1 0
0.337941 -0.941167 0 2721.31 0.941167 0.337941 0 7.75132 0 0 1 0
0.336238 -0.941777 0 2721.32 0.941777 0.336238 0 7.78914 0 0 1 0
0.334542 -0.942381 0 2721.34 0.942381 0.334542 0 7.82698 0 0 1 0
0.332854 -0.942978 0 2721.35 0.942978 0.332854 0 7.86484 0 0 1 0
0.331174 -0.94357 0 2721.36 0.94357 0.331174 0 7.90273 0 0 1 0
0.329501 -0.944155 0 2721.38 0.944155 0.329501 0 7.94064 0 0 1 0
0.327837 -0.944734 0 2721.39 0.944734 0.327837 0 7.97858 0 0 1 0
0.32618 -0.945308 0 2721.4 0.945308 0.32618 0 8.01654 0 0 1 0
0.32453 -0.945875 0 2721.42 0.945875 0.32453 0 8.05452 0 0 1 0
0.322889 -0.946437 0 2721.43 0.946437 0.322889 0 8.09253 0 0 1 0
0.321255 -0.946993 0 2721.44 0.946993 0.321255 0 8.13055 0 0 1 0
0.319629 -0.947543 0 2721.45 0.947543 0.319629 0 8.1686 0 0 1 0
0.31801 -0.948087 0 2721.47 0.948087 0.31801 0 8.20668 0 0 1 0
0.316399 -0.948626 0 2721.48 0.948626 0.316399 0 8.24477 0 0 1 0
0.314795 -0.94916 0 2721.49 0.94916 0.314795 0 8.28289 0 0 1 0
0.313199 -0.949687 0 2721.51 0.949687 0.313199 0 8.32102 0 0 1 0
0.311611 -0.95021 0 2721.52 0.95021 0.311611 0 8.35918 0 0 1 0
0.31003 -0.950727 0 2721.53 0.950727 0.31003 0 8.39736 0 0 1 0
0.308456 -0.951239 0 2721.54 0.951239 0.308456 0 8.43556 0 0 1 0
0.30689 -0.951745 0 2721.56 0.951745 0.30689 0 8.47378 0 0 1 0
0.305331 -0.952246 0 2721.57 0.952246 0.305331 0 8.51202 0 0 1 0
0.30378 -0.952742 0 2721.58 0.952742 0.30378 0 8.55029 0 0 1 0
0.302236 -0.953233 0 2721.59 0.953233 0.302236 0 8.58857 0 0 1 0
0.300699 -0.953719 0 2721.6 0.953719 0.300699 0 8.62687 0 0 1 0
0.299169 -0.9542 0 2721.62 0.9542 0.299169 0 8.66519 0 0 1 0
0.297647 -0.954676 0 2721.63 0.954676 0.297647 0 8.70353 0 0 1 0
0.296132 -0.955147 0 2721.64 0.955147 0.296132 0 8.74189 0 0 1 0
0.294625 -0.955613 0 2721.65 0.955613 0.294625 0 8.78026 0 0 1 0
0.293124 -0.956074 0 2721.66 0.956074 0.293124 0 8.81866 0 0 1 0
0.291631 -0.956531 0 2721.68 0.956531 0.291631 0 8.85708 0 0 1 0
0.290144 -0.956983 0 2721.69 0.956983 0.290144 0 8.89551 0 0 1 0
0.288665 -0.95743 0 2721.7 0.95743 0.288665 0 8.93396 0 0 1 0
0.287193 -0.957873 0 2721.71 0.957873 0.287193 0 8.97243 0 0 1 0
0.285728 -0.958311 0 2721.72 0.958311 0.285728 0 9.01092 0 0 1 0
0.28427 -0.958744 0 2721.73 0.958744 0.28427 0 9.04942 0 0 1 0
0.282819 -0.959173 0 2721.75 0.959173 0.282819 0 9.08794 0 0 1 0
0.281375 -0.959598 0 2721.76 0.959598 0.281375 0 9.12648 0 0 1 0
0.279938 -0.960018 0 2721.77 0.960018 0.279938 0 9.16504 0 0 1 0
0.278508 -0.960434 0 2721.78 0.960434 0.278508 0 9.20361 0 0 1 0
0.277085 -0.960845 0 2721.79 0.960845 0.277085 0 9.2422 0 0 1 0
0.275668 -0.961253 0 2721.8 0.961253 0.275668 0 9.28081 0 0 1 0
0.274259 -0.961656 0 2721.81 0.961656 0.274259 0 9.31943 0 0 1 0
0.272856 -0.962055 0 2721.82 0.962055 0.272856 0 9.35807 0 0 1 0
0.27146 -0.96245 0 2721.83 0.96245 0.27146 0 9.39673 0 0 1 0
0.270071 -0.96284 0 2721.85 0.96284 0.270071 0 9.4354 0 0 1 0
0.268689 -0.963227 0 2721.86 0.963227 0.268689 0 9.47409 0 0 1 0
0.267313 -0.96361 0 2721.87 0.96361 0.267313 0 9.51279 0 0 1 0
0.265944 -0.963989 0 2721.88 0.963989 0.265944 0 9.55151 0 0 1 0
0.264581 -0.964363 0 2721.89 0.964363 0.264581 0 9.59024 0 0 1 0
0.263226 -0.964734 0 2721.9 0.964734 0.263226 0 9.62899 0 0 1 0
0.261876 -0.965101 0 2721.91 0.965101 0.261876 0 9.66775 0 0 1 0
0.260534 -0.965465 0 2721.92 0.965465 0.260534 0 9.70653 0 0 1 0
0.259198 -0.965824 0 2721.93 0.965824 0.259198 0 9.74532 0 0 1 0
0.257868 -0.96618 0 2721.94 0.96618 0.257868 0 9.78413 0 0 1 0
0.256545 -0.966532 0 2721.95 0.966532 0.256545 0 9.82295 0 0 1 0
0.255229 -0.966881 0 2721.96 0.966881 0.255229 0 9.86179 0 0 1 0
0.253918 -0.967226 0 2721.97 0.967226 0.253918 0 9.90063 0 0 1 0
0.252615 -0.967567 0 2721.98 0.967567 0.252615 0 9.9395 0 0 1 0
0.251317 -0.967905 0 2721.99 0.967905 0.251317 0 9.97837 0 0 1 0
0.250026 -0.968239 0 2722 0.968239 0.250026 0 10.0173 0 0 1 0
0.248742 -0.96857 0 2722.01 0.96857 0.248742 0 10.0562 0 0 1 0
0.247463 -0.968897 0 2722.02 0.968897 0.247463 0 10.0951 0 0 1 0
0.246191 -0.969221 0 2722.03 0.969221 0.246191 0 10.134 0 0 1 0
0.244926 -0.969542 0 2722.04 0.969542 0.244926 0 10.173 0 0 1 0
0.243666 -0.969859 0 2722.05 0.969859 0.243666 0 10.2119 0 0 1 0
0.242413 -0.970173 0 2722.06 0.970173 0.242413 0 10.2509 0 0 1 0
0.241166 -0.970484 0 2722.07 0.970484 0.241166 0 10.2899 0 0 1 0
0.239925 -0.970792 0 2722.08 0.970792 0.239925 0 10.3289 0 0 1 0
0.23869 -0.971096 0 2722.09 0.971096 0.23869 0 10.3679 0 0 1 0
0.237461 -0.971397 0 2722.1 0.971397 0.237461 0 10.4069 0 0 1 0
0.236238 -0.971695 0 2722.11 0.971695 0.236238 0 10.4459 0 0 1 0
0.235022 -0.97199 0 2722.12 0.97199 0.235022 0 10.485 0 0 1 0
0.233811 -0.972282 0 2722.13 0.972282 0.233811 0 10.524 0 0 1 0
0.232606 -0.972571 0 2722.14 0.972571 0.232606 0 10.5631 0 0 1 0
0.231408 -0.972857 0 2722.15 0.972857 0.231408 0 10.6022 0 0 1 0
0.230215 -0.97314 0 2722.16 0.97314 0.230215 0 10.6412 0 0 1 0
0.229028 -0.97342 0 2722.17 0.97342 0.229028 0 10.6803 0 0 1 0
0.227847 -0.973697 0 2722.18 0.973697 0.227847 0 10.7195 0 0 1 0
0.226672 -0.973971 0 2722.19 0.973971 0.226672 0 10.7586 0 0 1 0
0.225503 -0.974243 0 2722.19 0.974243 0.225503 0 10.7977 0 0 1 0
0.224339 -0.974511 0 2722.2 0.974511 0.224339 0 10.8369 0 0 1 0
0.223182 -0.974777 0 2722.21 0.974777 0.223182 0 10.876 0 0 1 0
0.22203 -0.97504 0 2722.22 0.97504 0.22203 0 10.9152 0 0 1 0
0.220884 -0.9753 0 2722.23 0.9753 0.220884 0 10.9544 0 0 1 0
0.219743 -0.975558 0 2722.24 0.975558 0.219743 0 10.9935 0 0 1 0
0.218609 -0.975813 0 2722.25 0.975813 0.218609 0 11.0327 0 0 1 0
0.21748 -0.976065 0 2722.26 0.976065 0.21748 0 11.072 0 0 1 0
0.216356 -0.976314 0 2722.27 0.976314 0.216356 0 11.1112 0 0 1 0
0.215238 -0.976562 0 2722.27 0.976562 0.215238 0 11.1504 0 0 1 0
0.214126 -0.976806 0 2722.28 0.976806 0.214126 0 11.1896 0 0 1 0
0.21302 -0.977048 0 2722.29 0.977048 0.21302 0 11.2289 0 0 1 0
0.211918 -0.977287 0 2722.3 0.977287 0.211918 0 11.2681 0 0 1 0
0.210823 -0.977524 0 2722.31 0.977524 0.210823 0 11.3074 0 0 1 0
0.209733 -0.977759 0 2722.32 0.977759 0.209733 0 11.3467 0 0 1 0
0.208648 -0.977991 0 2722.33 0.977991 0.208648 0 11.386 0 0 1 0
0.207569 -0.97822 0 2722.33 0.97822 0.207569 0 11.4253 0 0 1 0
0.206495 -0.978448 0 2722.34 0.978448 0.206495 0 11.4646 0 0 1 0
0.205427 -0.978673 0 2722.35 0.978673 0.205427 0 11.5039 0 0 1 0
0.204364 -0.978895 0 2722.36 0.978895 0.204364 0 11.5432 0 0 1 0
0.203306 -0.979115 0 2722.37 0.979115 0.203306 0 11.5825 0 0 1 0
0.202254 -0.979333 0 2722.37 0.979333 0.202254 0 11.6219 0 0 1 0
0.201206 -0.979549 0 2722.38 0.979549 0.201206 0 11.6612 0 0 1 0
0.200165 -0.979762 0 2722.39 0.979762 0.200165 0 11.7006 0 0 1 0
0.199128 -0.979973 0 2722.4 0.979973 0.199128 0 11.74 0 0 1 0
0.198097 -0.980182 0 2722.41 0.980182 0.198097 0 11.7793 0 0 1 0
0.197071 -0.980389 0 2722.42 0.980389 0.197071 0 11.8187 0 0 1 0
0.19605 -0.980594 0 2722.42 0.980594 0.19605 0 11.8581 0 0 1 0
0.195034 -0.980797 0 2722.43 0.980797 0.195034 0 11.8975 0 0 1 0
0.194023 -0.980997 0 2722.44 0.980997 0.194023 0 11.9369 0 0 1 0
0.193017 -0.981195 0 2722.45 0.981195 0.193017 0 11.9763 0 0 1 0
0.192017 -0.981392 0 2722.45 0.981392 0.192017 0 12.0158 0 0 1 0
0.191021 -0.981586 0 2722.46 0.981586 0.191021 0 12.0552 0 0 1 0
0.190031 -0.981778 0 2722.47 0.981778 0.190031 0 12.0946 0 0 1 0
0.189046 -0.981968 0 2722.48 0.981968 0.189046 0 12.1341 0 0 1 0
0.188065 -0.982157 0 2722.48 0.982157 0.188065 0 12.1735 0 0 1 0
0.18709 -0.982343 0 2722.49 0.982343 0.18709 0 12.213 0 0 1 0
0.186119 -0.982527 0 2722.5 0.982527 0.186119 0 12.2525 0 0 1 0
0.185153 -0.98271 0 2722.51 0.98271 0.185153 0 12.2919 0 0 1 0
0.184193 -0.98289 0 2722.51 0.98289 0.184193 0 12.3314 0 0 1 0
0.183237 -0.983069 0 2722.52 0.983069 0.183237 0 12.3709 0 0 1 0
0.182286 -0.983246 0 2722.53 0.983246 0.182286 0 12.4104 0 0 1 0
0.181339 -0.983421 0 2722.54 0.983421 0.181339 0 12.4499 0 0 1 0
0.180398 -0.983594 0 2722.54 0.983594 0.180398 0 12.4894 0 0 1 0
0.179461 -0.983765 0 2722.55 0.983765 0.179461 0 12.529 0 0 1 0
0.17853 -0.983935 0 2722.56 0.983935 0.17853 0 12.5685 0 0 1 0
0.177602 -0.984102 0 2722.57 0.984102 0.177602 0 12.608 0 0 1 0
0.17668 -0.984268 0 2722.57 0.984268 0.17668 0 12.6476 0 0 1 0
0.175762 -0.984433 0 2722.58 0.984433 0.175762 0 12.6871 0 0 1 0
0.174849 -0.984595 0 2722.59 0.984595 0.174849 0 12.7267 0 0 1 0
0.173941 -0.984756 0 2722.59 0.984756 0.173941 0 12.7662 0 0 1 0
0.173037 -0.984915 0 2722.6 0.984915 0.173037 0 12.8058 0 0 1 0
0.172138 -0.985073 0 2722.61 0.985073 0.172138 0 12.8454 0 0 1 0
0.171243 -0.985229 0 2722.62 0.985229 0.171243 0 12.885 0 0 1 0
0.170353 -0.985383 0 2722.62 0.985383 0.170353 0 12.9245 0 0 1 0
0.169467 -0.985536 0 2722.63 0.985536 0.169467 0 12.9641 0 0 1 0
0.168586 -0.985687 0 2722.64 0.985687 0.168586 0 13.0037 0 0 1 0
0.16771 -0.985836 0 2722.64 0.985836 0.16771 0 13.0433 0 0 1 0
0.166838 -0.985984 0 2722.65 0.985984 0.166838 0 13.083 0 0 1 0
0.16597 -0.986131 0 2722.66 0.986131 0.16597 0 13.1226 0 0 1 0
0.165107 -0.986276 0 2722.66 0.986276 0.165107 0 13.1622 0 0 1 0
0.164248 -0.986419 0 2722.67 0.986419 0.164248 0 13.2018 0 0 1 0
0.163394 -0.986561 0 2722.68 0.986561 0.163394 0 13.2415 0 0 1 0
0.162544 -0.986701 0 2722.68 0.986701 0.162544 0 13.2811 0 0 1 0
0.161698 -0.98684 0 2722.69 0.98684 0.161698 0 13.3207 0 0 1 0
0.160857 -0.986978 0 2722.7 0.986978 0.160857 0 13.3604 0 0 1 0
0.160019 -0.987114 0 2722.7 0.987114 0.160019 0 13.4 0 0 1 0
0.159187 -0.987249 0 2722.71 0.987249 0.159187 0 13.4397 0 0 1 0
0.158358 -0.987382 0 2722.71 0.987382 0.158358 0 13.4794 0 0 1 0
0.157534 -0.987514 0 2722.72 0.987514 0.157534 0 13.5191 0 0 1 0
0.156714 -0.987644 0 2722.73 0.987644 0.156714 0 13.5587 0 0 1 0
0.155898 -0.987773 0 2722.73 0.987773 0.155898 0 13.5984 0 0 1 0
0.155086 -0.987901 0 2722.74 0.987901 0.155086 0 13.6381 0 0 1 0
0.154279 -0.988027 0 2722.75 0.988027 0.154279 0 13.6778 0 0 1 0
0.153475 -0.988153 0 2722.75 0.988153 0.153475 0 13.7175 0 0 1 0
0.152676 -0.988276 0 2722.76 0.988276 0.152676 0 13.7572 0 0 1 0
0.151881 -0.988399 0 2722.76 0.988399 0.151881 0 13.7969 0 0 1 0
0.151089 -0.98852 0 2722.77 0.98852 0.151089 0 13.8366 0 0 1 0
0.150302 -0.98864 0 2722.78 0.98864 0.150302 0 13.8763 0 0 1 0
0.149519 -0.988759 0 2722.78 0.988759 0.149519 0 13.9161 0 0 1 0
0.14874 -0.988876 0 2722.79 0.988876 0.14874 0 13.9558 0 0 1 0
0.147965 -0.988993 0 2722.79 0.988993 0.147965 0 13.9955 0 0 1 0
0.147194 -0.989108 0 2722.8 0.989108 0.147194 0 14.0353 0 0 1 0
0.146427 -0.989221 0 2722.81 0.989221 0.146427 0 14.075 0 0 1 0
0.145664 -0.989334 0 2722.81 0.989334 0.145664 0 14.1148 0 0 1 0
0.144905 -0.989446 0 2722.82 0.989446 0.144905 0 14.1545 0 0 1 0
0.14415 -0.989556 0 2722.82 0.989556 0.14415 0 14.1943 0 0 1 0
0.143398 -0.989665 0 2722.83 0.989665 0.143398 0 14.234 0 0 1 0
0.142651 -0.989773 0 2722.84 0.989773 0.142651 0 14.2738 0 0 1 0
0.141907 -0.98988 0 2722.84 0.98988 0.141907 0 14.3136 0 0 1 0
0.141167 -0.989986 0 2722.85 0.989986 0.141167 0 14.3533 0 0 1 0
0.140431 -0.990091 0 2722.85 0.990091 0.140431 0 14.3931 0 0 1 0
0.139698 -0.990194 0 2722.86 0.990194 0.139698 0 14.4329 0 0 1 0
0.13897 -0.990297 0 2722.86 0.990297 0.13897 0 14.4727 0 0 1 0
0.138245 -0.990398 0 2722.87 0.990398 0.138245 0 14.5125 0 0 1 0
0.137524 -0.990498 0 2722.88 0.990498 0.137524 0 14.5523 0 0 1 0
0.136807 -0.990598 0 2722.88 0.990598 0.136807 0 14.5921 0 0 1 0
0.136093 -0.990696 0 2722.89 0.990696 0.136093 0 14.6319 0 0 1 0
0.135383 -0.990793 0 2722.89 0.990793 0.135383 0 14.6717 0 0 1 0
0.134677 -0.99089 0 2722.9 0.99089 0.134677 0 14.7115 0 0 1 0
0.133974 -0.990985 0 2722.9 0.990985 0.133974 0 14.7513 0 0 1 0
0.133275 -0.991079 0 2722.91 0.991079 0.133275 0 14.7911 0 0 1 0
0.132579 -0.991172 0 2722.91 0.991172 0.132579 0 14.8309 0 0 1 0
0.131888 -0.991265 0 2722.92 0.991265 0.131888 0 14.8708 0 0 1 0
0.131199 -0.991356 0 2722.92 0.991356 0.131199 0 14.9106 0 0 1 0
0.130515 -0.991446 0 2722.93 0.991446 0.130515 0 14.9504 0 0 1 0
0.129833 -0.991536 0 2722.93 0.991536 0.129833 0 14.9902 0 0 1 0
0.129156 -0.991624 0 2722.94 0.991624 0.129156 0 15.0301 0 0 1 0
0.128481 -0.991712 0 2722.94 0.991712 0.128481 0 15.0699 0 0 1 0
0.127811 -0.991799 0 2722.95 0.991799 0.127811 0 15.1098 0 0 1 0
0.127143 -0.991884 0 2722.96 0.991884 0.127143 0 15.1496 0 0 1 0
0.12648 -0.991969 0 2722.96 0.991969 0.12648 0 15.1895 0 0 1 0
0.125819 -0.992053 0 2722.97 0.992053 0.125819 0 15.2293 0 0 1 0
0.125162 -0.992136 0 2722.97 0.992136 0.125162 0 15.2692 0 0 1 0
0.124509 -0.992219 0 2722.98 0.992219 0.124509 0 15.3091 0 0 1 0
0.123858 -0.9923 0 2722.98 0.9923 0.123858 0 15.3489 0 0 1 0
0.123212 -0.99238 0 2722.99 0.99238 0.123212 0 15.3888 0 0 1 0
0.122568 -0.99246 0 2722.99 0.99246 0.122568 0 15.4287 0 0 1 0
0.121928 -0.992539 0 2723 0.992539 0.121928 0 15.4686 0 0 1 0
0.121291 -0.992617 0 2723 0.992617 0.121291 0 15.5084 0 0 1 0
0.120657 -0.992694 0 2723.01 0.992694 0.120657 0 15.5483 0 0 1 0
0.120027 -0.992771 0 2723.01 0.992771 0.120027 0 15.5882 0 0 1 0
0.1194 -0.992846 0 2723.01 0.992846 0.1194 0 15.6281 0 0 1 0
0.118776 -0.992921 0 2723.02 0.992921 0.118776 0 15.668 0 0 1 0
0.118156 -0.992995 0 2723.02 0.992995 0.118156 0 15.7079 0 0 1 0
0.117538 -0.993068 0 2723.03 0.993068 0.117538 0 15.7478 0 0 1 0
0.116924 -0.993141 0 2723.03 0.993141 0.116924 0 15.7877 0 0 1 0
0.116313 -0.993213 0 2723.04 0.993213 0.116313 0 15.8276 0 0 1 0
0.115705 -0.993284 0 2723.04 0.993284 0.115705 0 15.8675 0 0 1 0
0.115101 -0.993354 0 2723.05 0.993354 0.115101 0 15.9074 0 0 1 0
0.114499 -0.993423 0 2723.05 0.993423 0.114499 0 15.9473 0 0 1 0
0.113901 -0.993492 0 2723.06 0.993492 0.113901 0 15.9872 0 0 1 0
0.113305 -0.99356 0 2723.06 0.99356 0.113305 0 16.0272 0 0 1 0
0.112713 -0.993628 0 2723.07 0.993628 0.112713 0 16.0671 0 0 1 0
0.112124 -0.993694 0 2723.07 0.993694 0.112124 0 16.107 0 0 1 0
0.111538 -0.99376 0 2723.08 0.99376 0.111538 0 16.1469 0 0 1 0
0.110955 -0.993825 0 2723.08 0.993825 0.110955 0 16.1869 0 0 1 0
0.110375 -0.99389 0 2723.08 0.99389 0.110375 0 16.2268 0 0 1 0
0.109798 -0.993954 0 2723.09 0.993954 0.109798 0 16.2667 0 0 1 0
0.109224 -0.994017 0 2723.09 0.994017 0.109224 0 16.3067 0 0 1 0
0.108653 -0.99408 0 2723.1 0.99408 0.108653 0 16.3466 0 0 1 0
0.108085 -0.994142 0 2723.1 0.994142 0.108085 0 16.3865 0 0 1 0
0.107519 -0.994203 0 2723.11 0.994203 0.107519 0 16.4265 0 0 1 0
0.106957 -0.994264 0 2723.11 0.994264 0.106957 0 16.4664 0 0 1 0
0.106398 -0.994324 0 2723.11 0.994324 0.106398 0 16.5064 0 0 1 0
0.105841 -0.994383 0 2723.12 0.994383 0.105841 0 16.5463 0 0 1 0
0.105288 -0.994442 0 2723.12 0.994442 0.105288 0 16.5863 0 0 1 0
0.104737 -0.9945 0 2723.13 0.9945 0.104737 0 16.6262 0 0 1 0
0.104189 -0.994557 0 2723.13 0.994557 0.104189 0 16.6662 0 0 1 0
0.103644 -0.994614 0 2723.14 0.994614 0.103644 0 16.7062 0 0 1 0
0.103102 -0.994671 0 2723.14 0.994671 0.103102 0 16.7461 0 0 1 0
0.102563 -0.994727 0 2723.14 0.994727 0.102563 0 16.7861 0 0 1 0
0.102027 -0.994782 0 2723.15 0.994782 0.102027 0 16.8261 0 0 1 0
0.101493 -0.994836 0 2723.15 0.994836 0.101493 0 16.866 0 0 1 0
0.100962 -0.99489 0 2723.16 0.99489 0.100962 0 16.906 0 0 1 0
0.100434 -0.994944 0 2723.16 0.994944 0.100434 0 16.946 0 0 1 0
0.0999082 -0.994997 0 2723.16 0.994997 0.0999082 0 16.986 0 0 1 0
0.0993855 -0.995049 0 2723.17 0.995049 0.0993855 0 17.0259 0 0 1 0
0.0988655 -0.995101 0 2723.17 0.995101 0.0988655 0 17.0659 0 0 1 0
0.0983482 -0.995152 0 2723.18 0.995152 0.0983482 0 17.1059 0 0 1 0
0.0978336 -0.995203 0 2723.18 0.995203 0.0978336 0 17.1459 0 0 1 0
0.0973217 -0.995253 0 2723.18 0.995253 0.0973217 0 17.1859 0 0 1 0
0.0968124 -0.995303 0 2723.19 0.995303 0.0968124 0 17.2259 0 0 1 0
0.0963058 -0.995352 0 2723.19 0.995352 0.0963058 0 17.2659 0 0 1 0
0.0958018 -0.9954 0 2723.2 0.9954 0.0958018 0 17.3058 0 0 1 0
0.0953005 -0.995449 0 2723.2 0.995449 0.0953005 0 17.3458 0 0 1 0
0.0948017 -0.995496 0 2723.2 0.995496 0.0948017 0 17.3858 0 0 1 0
0.0943056 -0.995543 0 2723.21 0.995543 0.0943056 0 17.4258 0 0 1 0
0.093812 -0.99559 0 2723.21 0.99559 0.093812 0 17.4658 0 0 1 0
0.093321 -0.995636 0 2723.22 0.995636 0.093321 0 17.5058 0 0 1 0
0.0928325 -0.995682 0 2723.22 0.995682 0.0928325 0 17.5458 0 0 1 0
0.0923466 -0.995727 0 2723.22 0.995727 0.0923466 0 17.5858 0 0 1 0
0.0918632 -0.995772 0 2723.23 0.995772 0.0918632 0 17.6259 0 0 1 0
0.0913824 -0.995816 0 2723.23 0.995816 0.0913824 0 17.6659 0 0 1 0
0.090904 -0.99586 0 2723.23 0.99586 0.090904 0 17.7059 0 0 1 0
0.0904281 -0.995903 0 2723.24 0.995903 0.0904281 0 17.7459 0 0 1 0
0.0899547 -0.995946 0 2723.24 0.995946 0.0899547 0 17.7859 0 0 1 0
0.0894838 -0.995988 0 2723.24 0.995988 0.0894838 0 17.8259 0 0 1 0
0.0890153 -0.99603 0 2723.25 0.99603 0.0890153 0 17.8659 0 0 1 0
0.0885493 -0.996072 0 2723.25 0.996072 0.0885493 0 17.906 0 0 1 0
0.0880857 -0.996113 0 2723.26 0.996113 0.0880857 0 17.946 0 0 1 0
0.0876245 -0.996154 0 2723.26 0.996154 0.0876245 0 17.986 0 0 1 0
0.0871657 -0.996194 0 2723.26 0.996194 0.0871657 0 18.026 0 0 1 0
0.0867093 -0.996234 0 2723.27 0.996234 0.0867093 0 18.0661 0 0 1 0
0.0862552 -0.996273 0 2723.27 0.996273 0.0862552 0 18.1061 0 0 1 0
0.0858036 -0.996312 0 2723.27 0.996312 0.0858036 0 18.1461 0 0 1 0
0.0853543 -0.996351 0 2723.28 0.996351 0.0853543 0 18.1862 0 0 1 0
0.0849073 -0.996389 0 2723.28 0.996389 0.0849073 0 18.2262 0 0 1 0
0.0844627 -0.996427 0 2723.28 0.996427 0.0844627 0 18.2662 0 0 1 0
0.0840203 -0.996464 0 2723.29 0.996464 0.0840203 0 18.3063 0 0 1 0
0.0835803 -0.996501 0 2723.29 0.996501 0.0835803 0 18.3463 0 0 1 0
0.0831426 -0.996538 0 2723.29 0.996538 0.0831426 0 18.3863 0 0 1 0
0.0827072 -0.996574 0 2723.3 0.996574 0.0827072 0 18.4264 0 0 1 0
0.082274 -0.99661 0 2723.3 0.99661 0.082274 0 18.4664 0 0 1 0
0.0818431 -0.996645 0 2723.3 0.996645 0.0818431 0 18.5065 0 0 1 0
0.0814144 -0.99668 0 2723.31 0.99668 0.0814144 0 18.5465 0 0 1 0
0.080988 -0.996715 0 2723.31 0.996715 0.080988 0 18.5866 0 0 1 0
0.0805638 -0.996749 0 2723.31 0.996749 0.0805638 0 18.6266 0 0 1 0
0.0801418 -0.996783 0 2723.32 0.996783 0.0801418 0 18.6667 0 0 1 0
0.079722 -0.996817 0 2723.32 0.996817 0.079722 0 18.7067 0 0 1 0
0.0793044 -0.99685 0 2723.32 0.99685 0.0793044 0 18.7468 0 0 1 0
0.078889 -0.996883 0 2723.33 0.996883 0.078889 0 18.7868 0 0 1 0
0.0784757 -0.996916 0 2723.33 0.996916 0.0784757 0 18.8269 0 0 1 0
0.0780646 -0.996948 0 2723.33 0.996948 0.0780646 0 18.8669 0 0 1 0
0.0776556 -0.99698 0 2723.34 0.99698 0.0776556 0 18.907 0 0 1 0
0.0772488 -0.997012 0 2723.34 0.997012 0.0772488 0 18.947 0 0 1 0
0.0768441 -0.997043 0 2723.34 0.997043 0.0768441 0 18.9871 0 0 1 0
0.0764415 -0.997074 0 2723.34 0.997074 0.0764415 0 19.0272 0 0 1 0
0.076041 -0.997105 0 2723.35 0.997105 0.076041 0 19.0672 0 0 1 0
0.0756426 -0.997135 0 2723.35 0.997135 0.0756426 0 19.1073 0 0 1 0
0.0752463 -0.997165 0 2723.35 0.997165 0.0752463 0 19.1473 0 0 1 0
0.0748521 -0.997195 0 2723.36 0.997195 0.0748521 0 19.1874 0 0 1 0
0.0744599 -0.997224 0 2723.36 0.997224 0.0744599 0 19.2275 0 0 1 0
0.0740697 -0.997253 0 2723.36 0.997253 0.0740697 0 19.2676 0 0 1 0
0.0736816 -0.997282 0 2723.37 0.997282 0.0736816 0 19.3076 0 0 1 0
0.0732955 -0.99731 0 2723.37 0.99731 0.0732955 0 19.3477 0 0 1 0
0.0729115 -0.997338 0 2723.37 0.997338 0.0729115 0 19.3878 0 0 1 0
0.0725294 -0.997366 0 2723.37 0.997366 0.0725294 0 19.4278 0 0 1 0
0.0721494 -0.997394 0 2723.38 0.997394 0.0721494 0 19.4679 0 0 1 0
0.0717713 -0.997421 0 2723.38 0.997421 0.0717713 0 19.508 0 0 1 0
0.0713952 -0.997448 0 2723.38 0.997448 0.0713952 0 19.5481 0 0 1 0
0.071021 -0.997475 0 2723.39 0.997475 0.071021 0 19.5881 0 0 1 0
0.0706488 -0.997501 0 2723.39 0.997501 0.0706488 0 19.6282 0 0 1 0
0.0702786 -0.997527 0 2723.39 0.997527 0.0702786 0 19.6683 0 0 1 0
0.0699103 -0.997553 0 2723.39 0.997553 0.0699103 0 19.7084 0 0 1 0
0.0695439 -0.997579 0 2723.4 0.997579 0.0695439 0 19.7485 0 0 1 0
0.0691794 -0.997604 0 2723.4 0.997604 0.0691794 0 19.7885 0 0 1 0
0.0688169 -0.997629 0 2723.4 0.997629 0.0688169 0 19.8286 0 0 1 0
0.0684562 -0.997654 0 2723.41 0.997654 0.0684562 0 19.8687 0 0 1 0
0.0680974 -0.997679 0 2723.41 0.997679 0.0680974 0 19.9088 0 0 1 0
0.0677405 -0.997703 0 2723.41 0.997703 0.0677405 0 19.9489 0 0 1 0
0.0673854 -0.997727 0 2723.41 0.997727 0.0673854 0 19.989 0 0 1 0
0.0670322 -0.997751 0 2723.42 0.997751 0.0670322 0 20.0291 0 0 1 0
0.0666809 -0.997774 0 2723.42 0.997774 0.0666809 0 20.0691 0 0 1 0
0.0663314 -0.997798 0 2723.42 0.997798 0.0663314 0 20.1092 0 0 1 0
0.0659837 -0.997821 0 2723.42 0.997821 0.0659837 0 20.1493 0 0 1 0
0.0656378 -0.997844 0 2723.43 0.997844 0.0656378 0 20.1894 0 0 1 0
0.0652938 -0.997866 0 2723.43 0.997866 0.0652938 0 20.2295 0 0 1 0
0.0649515 -0.997888 0 2723.43 0.997888 0.0649515 0 20.2696 0 0 1 0
0.064611 -0.997911 0 2723.44 0.997911 0.064611 0 20.3097 0 0 1 0
0.0642723 -0.997932 0 2723.44 0.997932 0.0642723 0 20.3498 0 0 1 0
0.0639354 -0.997954 0 2723.44 0.997954 0.0639354 0 20.3899 0 0 1 0
0.0636002 -0.997975 0 2723.44 0.997975 0.0636002 0 20.43 0 0 1 0
0.0632668 -0.997997 0 2723.45 0.997997 0.0632668 0 20.4701 0 0 1 0
0.0629352 -0.998018 0 2723.45 0.998018 0.0629352 0 20.5102 0 0 1 0
0.0626052 -0.998038 0 2723.45 0.998038 0.0626052 0 20.5503 0 0 1 0
0.062277 -0.998059 0 2723.45 0.998059 0.062277 0 20.5904 0 0 1 0
0.0619505 -0.998079 0 2723.46 0.998079 0.0619505 0 20.6305 0 0 1 0
0.0616258 -0.998099 0 2723.46 0.998099 0.0616258 0 20.6706 0 0 1 0
0.0613027 -0.998119 0 2723.46 0.998119 0.0613027 0 20.7107 0 0 1 0
0.0609813 -0.998139 0 2723.46 0.998139 0.0609813 0 20.7508 0 0 1 0
0.0606616 -0.998158 0 2723.47 0.998158 0.0606616 0 20.7909 0 0 1 0
0.0603435 -0.998178 0 2723.47 0.998178 0.0603435 0 20.831 0 0 1 0
0.0600271 -0.998197 0 2723.47 0.998197 0.0600271 0 20.8711 0 0 1 0
0.0597124 -0.998216 0 2723.47 0.998216 0.0597124 0 20.9112 0 0 1 0
0.0593993 -0.998234 0 2723.48 0.998234 0.0593993 0 20.9513 0 0 1 0
0.0590879 -0.998253 0 2723.48 0.998253 0.0590879 0 20.9915 0 0 1 0
0.0587781 -0.998271 0 2723.48 0.998271 0.0587781 0 21.0316 0 0 1 0
0.0584699 -0.998289 0 2723.48 0.998289 0.0584699 0 21.0717 0 0 1 0
0.0581633 -0.998307 0 2723.48 0.998307 0.0581633 0 21.1118 0 0 1 0
0.0578583 -0.998325 0 2723.49 0.998325 0.0578583 0 21.1519 0 0 1 0
0.057555 -0.998342 0 2723.49 0.998342 0.057555 0 21.192 0 0 1 0
0.0572532 -0.99836 0 2723.49 0.99836 0.0572532 0 21.2321 0 0 1 0
0.0569529 -0.998377 0 2723.49 0.998377 0.0569529 0 21.2722 0 0 1 0
0.0566543 -0.998394 0 2723.5 0.998394 0.0566543 0 21.3124 0 0 1 0
0.0563572 -0.998411 0 2723.5 0.998411 0.0563572 0 21.3525 0 0 1 0
0.0560617 -0.998427 0 2723.5 0.998427 0.0560617 0 21.3926 0 0 1 0
0.0557677 -0.998444 0 2723.5 0.998444 0.0557677 0 21.4327 0 0 1 0
0.0554753 -0.99846 0 2723.51 0.99846 0.0554753 0 21.4728 0 0 1 0
0.0551844 -0.998476 0 2723.51 0.998476 0.0551844 0 21.5129 0 0 1 0
0.054895 -0.998492 0 2723.51 0.998492 0.054895 0 21.5531 0 0 1 0
0.0546071 -0.998508 0 2723.51 0.998508 0.0546071 0 21.5932 0 0 1 0
0.0543207 -0.998524 0 2723.51 0.998524 0.0543207 0 21.6333 0 0 1 0
0.0540359 -0.998539 0 2723.52 0.998539 0.0540359 0 21.6734 0 0 1 0
0.0537525 -0.998554 0 2723.52 0.998554 0.0537525 0 21.7135 0 0 1 0
0.0534706 -0.998569 0 2723.52 0.998569 0.0534706 0 21.7537 0 0 1 0
0.0531902 -0.998584 0 2723.52 0.998584 0.0531902 0 21.7938 0 0 1 0
0.0529112 -0.998599 0 2723.53 0.998599 0.0529112 0 21.8339 0 0 1 0
