0.480565 -0.87665 0.0232865 0.687383 0.876925 0.48061 -0.00401009 0.55236 -0.0076763 0.0223477 0.999721 0
0.479061 -0.877494 0.0224829 1.07568 0.877757 0.479083 -0.00474846 1.2935 -0.00660444 0.0220093 0.999736 0
0.47821 -0.87803 0.0194912 1.48189 0.878236 0.478192 -0.00587146 2.05068 -0.0041652 0.0199256 0.999793 0
0.476968 -0.878761 0.0167493 1.90259 0.878917 0.476934 -0.00624343 2.86689 -0.00250182 0.0176992 0.99984 0
0.475582 -0.879531 0.0157261 2.31666 0.879669 0.475548 -0.0060371 3.64971 -0.00216871 0.0167049 0.999858 0
0.474629 -0.880029 0.016625 2.74946 0.880182 0.474602 -0.00578279 4.4227 -0.00280125 0.0173777 0.999845 0
0.473204 -0.880769 0.0179743 3.18 0.880944 0.473193 -0.00516069 5.21295 -0.00395992 0.0182764 0.999825 0
0.472073 -0.881366 0.0184919 3.60236 0.881546 0.472078 -0.004338 6.02448 -0.00490627 0.0183493 0.99982 0
0.470702 -0.882097 0.0185611 4.02439 0.882282 0.470695 -0.00500293 6.84463 -0.00432354 0.018731 0.999815 0
0.469263 -0.882862 0.018643 4.44798 0.883052 0.469236 -0.00606108 7.64583 -0.00339689 0.019307 0.999808 0
0.468163 -0.883438 0.0190091 4.89065 0.883634 0.468142 -0.00581898 8.45302 -0.00375826 0.0195213 0.999802 0
0.467901 -0.883579 0.0188944 5.32551 0.88376 0.467932 -0.00304475 9.27419 -0.00615099 0.0181227 0.999817 0
0.468799 -0.883097 0.0191601 5.76327 0.883246 0.468908 0.00139069 10.1145 -0.0102125 0.0162711 0.999816 0
0.470213 -0.882314 0.0205375 6.18948 0.882445 0.470392 0.00469641 10.9436 -0.0138044 0.0159149 0.999778 0
0.471869 -0.88138 0.0225494 6.61031 0.88153 0.472094 0.00570455 11.782 -0.0156733 0.0171861 0.99973 0
0.47391 -0.880277 0.0228509 7.04744 0.880458 0.474108 0.00388292 12.628 -0.0142518 0.0182791 0.999731 0
0.475046 -0.879735 0.0199319 7.50396 0.879915 0.475132 -0.000516406 13.4755 -0.00901599 0.0177837 0.999801 0
0.475882 -0.879357 0.0163638 7.96741 0.879499 0.475882 -0.00412127 14.3274 -0.00416319 0.0163532 0.999858 0
0.476438 -0.879095 0.0140623 8.45156 0.879202 0.476435 -0.00380474 15.1817 -0.00335503 0.0141763 0.999894 0
0.476355 -0.879109 0.0159135 8.88063 0.879209 0.476435 0.00142443 16.0126 -0.00883398 0.0133128 0.999872 0
0.475384 -0.87951 0.0217374 9.3357 0.879664 0.475576 0.00437458 16.8831 -0.0141853 0.017042 0.999754 0
0.474254 -0.87977 0.0329788 9.82033 0.880269 0.474473 -0.00134169 17.7439 -0.0144672 0.0296665 0.999455 0
0.47327 -0.880065 0.0387492 10.2986 0.880841 0.473352 -0.00762891 18.6214 -0.0116281 0.0377424 0.99922 0
0.472156 -0.880819 0.035026 10.7757 0.881485 0.472097 -0.0104691 19.5002 -0.00731428 0.0358179 0.999332 0
0.470766 -0.881777 0.0291363 11.2333 0.882246 0.470678 -0.010247 20.3701 -0.00467825 0.0305294 0.999523 0
0.46936 -0.882646 0.0252308 11.6978 0.882993 0.469322 -0.00776892 21.239 -0.00498418 0.025925 0.999652 0
0.468566 -0.883066 0.0252963 12.1766 0.883394 0.468609 -0.00458199 22.1347 -0.00780784 0.0244935 0.99967 0
0.467376 -0.883716 0.0246035 12.6404 0.883997 0.467492 -0.00118119 23.025 -0.0104581 0.0223015 0.999697 0
0.46645 -0.884173 0.0257284 13.0949 0.884452 0.46663 0.00111682 23.934 -0.0129931 0.0222346 0.999668 0
0.466147 -0.884312 0.0264486 13.5675 0.884564 0.466401 0.00406488 24.8378 -0.0159303 0.0215006 0.999642 0
0.465528 -0.88464 0.0263719 14.0292 0.884837 0.465845 0.007172 25.7416 -0.0186299 0.0199961 0.999627 0
0.465722 -0.884535 0.0264893 14.5023 0.884719 0.466057 0.00793883 26.6461 -0.0193677 0.0197383 0.999618 0
0.466012 -0.884313 0.0287019 14.9765 0.88461 0.466312 0.00440677 27.5307 -0.017281 0.0233364 0.999578 0
0.466112 -0.884318 0.0268587 15.4158 0.884602 0.466339 0.00253689 28.403 -0.0147687 0.0225768 0.999636 0
0.465764 -0.884583 0.0240248 15.8745 0.884804 0.465956 0.00280178 29.2832 -0.0136729 0.0199523 0.999708 0
0.464745 -0.885076 0.0255422 16.3292 0.885324 0.464964 0.00310675 30.166 -0.0146259 0.0211693 0.999669 0
0.463722 -0.885531 0.0282518 16.7865 0.885837 0.463986 0.00324638 31.0606 -0.0159832 0.0235211 0.999596 0
0.463146 -0.885761 0.0303853 17.2559 0.886146 0.463403 0.00160811 31.9635 -0.015505 0.026181 0.999537 0
0.462864 -0.886102 0.0240966 17.7021 0.886366 0.462986 -0.000574429 32.8409 -0.0106474 0.0216242 0.99971 0
0.462807 -0.886285 0.0175716 18.1521 0.886428 0.462867 -0.000744775 33.6983 -0.00747322 0.0159206 0.999845 0
0.462348 -0.886561 0.01565 18.6051 0.886667 0.462409 0.000359089 34.5625 -0.00755505 0.0137103 0.999878 0
0.462094 -0.886586 0.0208387 19.0587 0.886757 0.462231 0.00205707 35.4222 -0.0114561 0.0175283 0.999781 0
0.462132 -0.886424 0.0262037 19.4938 0.886688 0.462358 0.00301384 36.3042 -0.014787 0.0218417 0.999652 0
0.461998 -0.886414 0.0287737 19.9363 0.886744 0.462253 0.00256317 37.1686 -0.0155728 0.0243308 0.999583 0
0.46158 -0.886609 0.0294885 20.3991 0.886987 0.461794 0.000506969 37.9948 -0.0140671 0.0259219 0.999565 0
0.4607 -0.887084 0.0289312 20.8481 0.887456 0.460892 -2.74719e-05 38.8697 -0.0133098 0.0256878 0.999582 0
0.459914 -0.887458 0.0299458 21.2935 0.887838 0.460154 0.0012684 39.738 -0.0149053 0.0260037 0.999551 0
0.459042 -0.887824 0.0324075 21.7396 0.888211 0.459412 0.00466882 40.591 -0.0190335 0.0266415 0.999464 0
0.458652 -0.887903 0.0355871 22.1755 0.888311 0.459176 0.00781771 41.4477 -0.0232821 0.0280268 0.999336 0
0.457988 -0.888176 0.0372891 22.5911 0.888685 0.458484 0.00555017 42.2735 -0.022026 0.0305964 0.999289 0
0.456546 -0.889048 0.0340549 22.9947 0.889565 0.456809 -6.19265e-05 43.0953 -0.0155015 0.0303223 0.99942 0
0.455915 -0.889579 0.0281017 23.4196 0.889977 0.455988 -0.00415512 43.9243 -0.00911773 0.0269043 0.999597 0
0.454985 -0.890244 0.0213291 23.8451 0.890475 0.455018 -0.00354336 44.7716 -0.00655065 0.0206052 0.999766 0
0.454337 -0.890675 0.0166529 24.2668 0.890796 0.454404 0.000288574 45.623 -0.00782417 0.0147032 0.999861 0
0.453102 -0.891242 0.0196339 24.6602 0.891383 0.453241 0.00307329 46.3833 -0.0116379 0.0161088 0.999803 0
0.451778 -0.891894 0.0205209 25.0442 0.892036 0.451946 0.00418475 47.1498 -0.0130067 0.0164148 0.999781 0
0.450564 -0.892531 0.0195196 25.4285 0.892647 0.45073 0.00491737 47.9254 -0.013187 0.0152086 0.999798 0
0.44932 -0.893165 0.0191928 25.8121 0.893277 0.44948 0.00483878 48.6923 -0.0129486 0.0149703 0.999804 0
0.447988 -0.893824 0.0196555 26.1777 0.893949 0.448147 0.00437321 49.45 -0.0127174 0.0156118 0.999797 0
0.446859 -0.894388 0.0196897 26.5407 0.894509 0.447024 0.00474769 50.1743 -0.013048 0.015491 0.999795 0
0.445684 -0.894995 0.0187001 26.883 0.895065 0.445874 0.00737649 50.903 -0.0149398 0.0134502 0.999798 0
0.444367 -0.895678 0.0172787 27.2298 0.895659 0.444585 0.011793 51.62 -0.0182445 0.0102354 0.999781 0
0.442815 -0.896473 0.015819 27.5783 0.896369 0.443038 0.0155327 52.3238 -0.0209331 0.00730154 0.999754 0
0.441679 -0.897037 0.0156532 27.9119 0.896957 0.441888 0.0142718 53.0224 -0.0197193 0.00773674 0.999776 0
0.440744 -0.897479 0.0166341 28.2066 0.897542 0.440888 0.00607569 53.6549 -0.0127866 0.012252 0.999843 0
0.439608 -0.898054 0.0156128 28.5163 0.89817 0.439648 -0.00100025 54.3007 -0.00596587 0.0144627 0.999878 0
0.439243 -0.898301 0.0110268 28.8169 0.898365 0.439241 -0.00268995 54.9369 -0.00242702 0.0110876 0.999936 0
0.438671 -0.898622 0.00679069 29.1289 0.898639 0.438688 0.00103832 55.5784 -0.00391205 0.0056469 0.999977 0
0.437664 -0.899119 0.00603997 29.417 0.899106 0.437695 0.00557231 56.1974 -0.00765383 0.00299178 0.999966 0
0.436521 -0.89964 0.00988715 29.7074 0.899661 0.436573 0.00384011 56.777 -0.00777118 0.00721879 0.999944 0
0.436584 -0.899538 0.015022 29.9774 0.899652 0.436603 -0.00217643 57.3285 -0.00460085 0.0144648 0.999885 0
0.437477 -0.899044 0.0182851 30.237 0.89923 0.437371 -0.00962523 57.8618 0.000656131 0.0206533 0.999787 0
0.439918 -0.897881 0.0167933 30.4911 0.898031 0.439764 -0.0121854 58.3963 0.00355598 0.0204415 0.999785 0
0.443763 -0.896066 0.011849 30.7419 0.896143 0.443706 -0.00720018 58.9163 0.00119438 0.0138135 0.999904 0
0.447981 -0.893991 0.00969602 31 0.894041 0.447978 -0.0025728 59.4175 -0.00204355 0.0098212 0.99995 0
0.452807 -0.891512 0.0131211 31.2619 0.891583 0.452856 0.000874596 59.8934 -0.00672169 0.0113025 0.999914 0
0.459731 -0.887856 0.0189396 31.5024 0.887994 0.45985 0.00223628 60.3851 -0.0106949 0.0157902 0.999818 0
0.468442 -0.883208 0.0225019 31.7289 0.883397 0.468616 0.00291614 60.8734 -0.0131203 0.018512 0.999743 0
0.481578 -0.876191 0.0192991 31.994 0.876311 0.48173 0.003917 61.3262 -0.012729 0.0150257 0.999806 0
0.497013 -0.867605 0.0155109 32.2352 0.867645 0.497146 0.00612624 61.7623 -0.0130263 0.0104132 0.999861 0
0.519069 -0.854577 0.0163133 32.5141 0.8546 0.51923 0.00768909 62.1162 -0.0150413 0.0099502 0.999837 0
0.543679 -0.839028 0.0211003 32.7479 0.839129 0.543898 0.00609247 62.468 -0.0165882 0.0143935 0.999759 0
0.569745 -0.821485 0.0235204 32.9908 0.821603 0.57002 0.00676522 62.8205 -0.0189646 0.01547 0.999701 0
0.597074 -0.801801 0.0248663 33.232 0.801904 0.597399 0.00800224 63.1671 -0.0212713 0.0151625 0.999659 0
0.626534 -0.779001 0.0247558 33.494 0.779071 0.626873 0.0088691 63.5049 -0.0224278 0.0137298 0.999654 0
0.658722 -0.751987 0.024518 33.776 0.752026 0.659065 0.00947588 63.8302 -0.0232847 0.0121962 0.999655 0
0.695678 -0.717944 0.0242658 34.1007 0.717957 0.69602 0.00973383 64.127 -0.0238779 0.0106502 0.999658 0
0.732575 -0.680269 0.0238293 34.4258 0.680262 0.732906 0.00964534 64.396 -0.0240261 0.00914423 0.99967 0
0.768805 -0.639072 0.022946 34.7548 0.639056 0.769108 0.00897862 64.6385 -0.0233859 0.00776097 0.999696 0
0.80458 -0.593433 0.0221113 35.0953 0.593413 0.804857 0.00812895 64.8454 -0.0226204 0.00658075 0.999723 0
0.839451 -0.542995 0.0218641 35.4334 0.542967 0.839719 0.00770567 65.0317 -0.0225439 0.00540297 0.999731 0
0.872751 -0.487688 0.0215936 35.7781 0.487657 0.873007 0.00706874 65.1986 -0.0222987 0.00436101 0.999742 0
0.903043 -0.429038 0.0209738 36.1311 0.429021 0.903277 0.00552747 65.3396 -0.0213166 0.00400666 0.999765 0
0.929088 -0.369279 0.0207144 36.4879 0.369283 0.929309 0.00377417 65.4637 -0.0206438 0.00414292 0.999778 0
0.950624 -0.309557 0.0221012 36.8654 0.309555 0.950875 0.0035667 65.5733 -0.0221196 0.00345096 0.999749 0
0.968111 -0.249341 0.0242837 37.2411 0.24929 0.968415 0.00513927 65.6739 -0.0247981 0.00107831 0.999692 0
0.981701 -0.188683 0.0257488 37.6157 0.188575 0.982037 0.00656331 65.7479 -0.0265247 -0.00158761 0.999647 0
0.991342 -0.128644 0.0263164 38.006 0.128538 0.991688 0.00568904 65.7878 -0.0268296 -0.00225712 0.999638 0
0.997166 -0.0705573 0.026106 38.3961 0.070509 0.997507 0.00276902 65.8155 -0.0262363 -0.000920468 0.999655 0
0.999546 -0.0156009 0.0257648 38.77 0.0155774 0.999878 0.0011153 65.829 -0.0257791 -0.000713444 0.999668 0
0.998971 0.03774 0.0251496 39.1482 -0.0378579 0.999274 0.00423167 65.8228 -0.0249717 -0.00517942 0.999675 0
0.995724 0.0889622 0.0248824 39.5239 -0.0891683 0.99599 0.0073019 65.7934 -0.024133 -0.0094894 0.999664 0
0.990715 0.134083 0.0224968 39.8607 -0.1342 0.990947 0.00376472 65.7348 -0.0217884 -0.00674883 0.99974 0
0.984154 0.176011 0.0215013 40.2732 -0.175979 0.984388 -0.00337813 65.6352 -0.0217602 -0.000459187 0.999763 0
0.976695 0.213419 0.0227896 40.6588 -0.21329 0.976956 -0.00796746 65.5725 -0.0239649 0.00292097 0.999709 0
0.968817 0.246552 0.0246321 41.0073 -0.246423 0.969128 -0.0081641 65.505 -0.0258846 0.00183958 0.999663 0
0.960532 0.277055 0.0248719 41.3591 -0.277049 0.960849 -0.00375401 65.4102 -0.0249382 -0.00328489 0.999684 0
0.952318 0.304316 0.0219525 41.7477 -0.304436 0.95253 0.00229309 65.2838 -0.0202126 -0.00886689 0.999756 0
0.944042 0.329297 0.018646 42.1269 -0.329434 0.944167 0.0047071 65.1574 -0.0160549 -0.0105863 0.999815 0
0.935787 0.352259 0.0147276 42.5235 -0.35234 0.935866 0.00324918 65.0248 -0.0126385 -0.00822967 0.999886 0
0.927781 0.373003 0.00958324 42.9319 -0.37302 0.927823 7.125e-05 64.8787 -0.00886497 -0.00364085 0.999954 0
0.920751 0.390138 0.00312226 43.3363 -0.390139 0.920756 -0.000398402 64.7016 -0.00303028 -0.000851287 0.999995 0
0.913554 0.406718 -0.000704811 43.7334 -0.406717 0.913554 0.00106765 64.4923 0.00107812 -0.0006887 0.999999 0
0.906853 0.421433 0.00353381 44.1549 -0.421443 0.906851 0.00267806 64.2738 -0.00207602 -0.0039179 0.99999 0
0.900395 0.434973 0.00934436 44.5867 -0.435022 0.900412 0.00388739 64.0672 -0.00672286 -0.00756519 0.999949 0
0.894298 0.447277 0.0131877 45.0244 -0.447362 0.894342 0.0043054 63.8471 -0.0098686 -0.00974999 0.999904 0
0.888619 0.458449 0.0134612 45.471 -0.458514 0.888685 0.00206931 63.6067 -0.0110141 -0.00801098 0.999907 0
0.883545 0.468221 0.0108436 45.9424 -0.468238 0.883602 -0.00107625 63.3446 -0.0100854 -0.00412649 0.999941 0
0.879534 0.475772 0.0077904 46.4086 -0.475747 0.879568 -0.00491182 63.0849 -0.0091891 0.000613853 0.999958 0
0.876516 0.481328 0.00665831 46.879 -0.481291 0.876538 -0.00641542 62.8226 -0.00892418 0.00241864 0.999957 0
0.874072 0.485744 0.00712772 47.3661 -0.485718 0.874101 -0.00518864 62.552 -0.00875069 0.00107319 0.999961 0
0.871135 0.490965 0.00880752 47.8762 -0.490979 0.871171 -0.000622811 62.2664 -0.00797863 -0.00378175 0.999961 0
0.86872 0.495208 0.00972171 48.4281 -0.495254 0.868743 0.00298844 61.96 -0.00696577 -0.00741084 0.999948 0
0.866903 0.498382 0.00974796 48.9926 -0.498437 0.866915 0.00431 61.6479 -0.00630263 -0.0085951 0.999943 0
0.865602 0.500652 0.00900823 49.5531 -0.500683 0.865629 0.00146837 61.3315 -0.00706265 -0.00578129 0.999958 0
0.864373 0.502767 0.00916692 50.1199 -0.50279 0.864409 0.000234877 61.0091 -0.00780588 -0.00481206 0.999958 0
0.863493 0.504298 0.00792425 50.6873 -0.504295 0.863528 -0.00252092 60.6604 -0.00811411 -0.00181937 0.999966 0
0.863776 0.503835 0.00642882 51.272 -0.503812 0.8638 -0.00490703 60.3134 -0.00802554 0.000999662 0.999967 0
0.865395 0.501085 0.00235929 51.9082 -0.50103 0.865353 -0.0115624 59.9418 -0.00783537 0.00882398 0.99993 0
0.867415 0.497584 0.00133733 52.5435 -0.497522 0.867344 -0.0136157 59.58 -0.00793487 0.0111451 0.999907 0
0.869748 0.493492 0.00196129 53.1796 -0.493441 0.869705 -0.0113848 59.2195 -0.00732406 0.00893414 0.999933 0
0.872065 0.489381 0.00308038 53.8317 -0.489321 0.87203 -0.0113203 58.8485 -0.00822612 0.00836472 0.999931 0
0.873781 0.486304 0.00392444 54.5002 -0.486223 0.87374 -0.0128708 58.4719 -0.00968805 0.00933809 0.99991 0
0.875521 0.483149 0.00542362 55.2154 -0.483063 0.875502 -0.01212 58.0994 -0.0106042 0.00799135 0.999912 0
0.877394 0.479721 0.00687439 55.9184 -0.479631 0.877395 -0.0115234 57.7378 -0.0115596 0.00681336 0.99991 0
0.87944 0.475962 0.00677189 56.6171 -0.475864 0.879434 -0.0122332 57.3716 -0.011778 0.00753583 0.999902 0
0.881315 0.472504 0.00493457 57.3139 -0.472408 0.881276 -0.0135587 56.9885 -0.0107553 0.00961839 0.999896 0
0.882376 0.470529 0.00391251 58.0128 -0.470469 0.882353 -0.0106152 56.5996 -0.00844697 0.00752589 0.999936 0
0.882514 0.470265 0.00452569 58.73 -0.470256 0.882525 -0.0029897 56.219 -0.00539999 0.000510219 0.999985 0
0.881772 0.471626 0.00696849 59.5076 -0.471655 0.881776 0.00348686 55.8547 -0.00450016 -0.00636134 0.99997 0
0.881397 0.472303 0.00830364 60.2696 -0.472358 0.881381 0.00676698 55.4784 -0.0041226 -0.00988669 0.999943 0
0.881606 0.471933 0.00712636 60.9482 -0.471959 0.881617 0.00256576 55.0998 -0.00507185 -0.00562534 0.999971 0
0.881995 0.471167 0.00932031 61.6481 -0.471216 0.882009 0.00393851 54.7283 -0.0063649 -0.00786562 0.999949 0
0.882166 0.470836 0.0098065 62.3682 -0.47089 0.882183 0.00404426 54.3471 -0.00674695 -0.00818549 0.999944 0
0.882059 0.471058 0.008776 63.125 -0.471105 0.882067 0.00421045 53.9462 -0.00575765 -0.00784828 0.999953 0
0.881727 0.471683 0.00858031 63.8738 -0.471736 0.88172 0.00592759 53.5655 -0.00476949 -0.00927416 0.999946 0
0.880818 0.473355 0.00973294 64.6071 -0.473434 0.880786 0.00872533 53.1822 -0.00444246 -0.0122933 0.999915 0
0.87932 0.476066 0.0126003 65.3383 -0.4762 0.879261 0.0115715 52.8129 -0.00557015 -0.0161753 0.999854 0
0.876423 0.481228 0.0174164 66.0629 -0.481482 0.876314 0.0157993 52.4368 -0.00765915 -0.0222325 0.999724 0
0.873463 0.486457 0.0205287 66.7769 -0.486793 0.873354 0.0169105 52.0443 -0.00970262 -0.024764 0.999646 0
0.87025 0.492174 0.0207464 67.4833 -0.492486 0.870206 0.0141369 51.6522 -0.0110958 -0.0225199 0.999685 0
0.865992 0.499696 0.0190184 68.1804 -0.499935 0.865995 0.0108289 51.2655 -0.0110586 -0.0188857 0.999761 0
0.860863 0.508514 0.0181008 68.8766 -0.508719 0.860884 0.00914834 50.8684 -0.0109306 -0.0170837 0.999794 0
0.855372 0.517661 0.0191145 69.5763 -0.517903 0.85537 0.0108714 50.4624 -0.0107223 -0.0191985 0.999758 0
0.849503 0.52716 0.021137 70.258 -0.527468 0.849474 0.0131026 50.0417 -0.0110482 -0.0222798 0.999691 0
0.843347 0.536855 0.0234864 70.9272 -0.537231 0.843316 0.0142139 49.6111 -0.0121756 -0.0246049 0.999623 0
0.837183 0.546397 0.0240046 71.5871 -0.546755 0.837208 0.0118976 49.17 -0.013596 -0.023085 0.999641 0
0.831137 0.555572 0.0234951 72.2273 -0.555891 0.831197 0.0098512 48.7442 -0.014056 -0.0212484 0.999676 0
0.825222 0.56432 0.0235031 72.8703 -0.564638 0.825282 0.00972531 48.3142 -0.0139085 -0.0212962 0.999677 0
0.819393 0.572686 0.0250254 73.5172 -0.573091 0.819379 0.013568 47.8807 -0.0127351 -0.0254593 0.999595 0
0.813481 0.581104 0.0238207 74.1457 -0.581482 0.813441 0.013876 47.4502 -0.0113134 -0.0251392 0.99962 0
0.808193 0.58856 0.0205374 74.7394 -0.588838 0.808167 0.0117001 47.0008 -0.00971147 -0.0215491 0.999721 0
0.802615 0.596193 0.0190581 75.3381 -0.59643 0.802594 0.0106811 46.5603 -0.00892795 -0.0199397 0.999761 0
0.797352 0.603249 0.0179142 75.9432 -0.603454 0.797341 0.00955127 46.1098 -0.00852192 -0.0184261 0.999794 0
0.792447 0.609618 0.0198257 76.5382 -0.609858 0.792457 0.00925899 45.6534 -0.0100666 -0.0194281 0.999761 0
0.788334 0.614875 0.0214123 77.1266 -0.615127 0.788392 0.00758697 45.208 -0.0122163 -0.0191524 0.999742 0
0.786315 0.617499 0.0200862 77.6634 -0.617654 0.786447 0.00202285 44.7503 -0.0145476 -0.0139969 0.999796 0
0.784584 0.619736 0.0188749 78.2062 -0.619802 0.784753 -0.0027908 44.3249 -0.0165417 -0.00950908 0.999818 0
0.783121 0.621584 0.0188421 78.7504 -0.62161 0.78331 -0.00516931 43.9033 -0.0179724 -0.00766425 0.999809 0
0.782012 0.623005 0.0179664 79.3011 -0.623013 0.78219 -0.00582518 43.4794 -0.0176823 -0.00663797 0.999822 0
0.782553 0.622376 0.0161043 79.807 -0.62238 0.782697 -0.00536292 43.0803 -0.0159426 -0.00582625 0.999856 0
0.784319 0.620176 0.0149767 80.2909 -0.620187 0.784441 -0.00451054 42.6717 -0.0145457 -0.00575064 0.999878 0
0.787202 0.616558 0.0129664 80.7815 -0.616539 0.787302 -0.00589207 42.2733 -0.0138412 -0.00335602 0.999899 0
0.791747 0.610755 0.0107844 81.2482 -0.610712 0.79182 -0.00723112 41.9074 -0.0129558 -0.000860965 0.999916 0
0.798407 0.602082 0.00660109 81.7041 -0.602006 0.798422 -0.0106139 41.5882 -0.0116609 0.00450034 0.999922 0
0.805911 0.592037 0.000443464 82.1595 -0.591958 0.805816 -0.0157137 41.2756 -0.00966041 0.0124013 0.999877 0
0.814917 0.579559 -0.00461789 82.6058 -0.579526 0.814713 -0.0198123 40.9753 -0.00772016 0.0188216 0.999793 0
0.826419 0.563011 -0.00713699 83.0339 -0.563034 0.826211 -0.0191683 40.7108 -0.00489531 0.0198594 0.999791 0
0.839244 0.543702 -0.00759137 83.4705 -0.543749 0.839087 -0.0164409 40.4364 -0.00256913 0.0179257 0.999836 0
0.853479 0.521083 -0.00676201 83.9148 -0.521126 0.853383 -0.0128602 40.164 -0.000930652 0.0144998 0.999895 0
0.869353 0.494168 -0.00484254 84.4034 -0.494192 0.869306 -0.00902305 39.8925 -0.000249254 0.0102374 0.999948 0
0.886021 0.463629 -0.00374552 84.899 -0.463644 0.88599 -0.00746668 39.6489 -0.000143278 0.00835223 0.999965 0
0.905801 0.4237 -0.00186355 85.3625 -0.423696 0.905748 -0.0101304 39.4988 -0.00260436 0.00996575 0.999947 0
0.924281 0.381711 0.00132261 85.8161 -0.381668 0.924221 -0.0120506 39.3531 -0.00582223 0.0106333 0.999927 0
0.941589 0.336715 0.00580646 86.2943 -0.336642 0.941571 -0.0107621 39.251 -0.00909097 0.00817881 0.999925 0
0.957471 0.288386 0.00905875 86.7885 -0.288309 0.957496 -0.00897559 39.1592 -0.0112622 0.00598215 0.999919 0
0.971887 0.235294 0.008474 87.2831 -0.235212 0.971896 -0.00965052 39.0967 -0.0105066 0.00738603 0.999918 0
0.98422 0.176853 0.00594005 87.7786 -0.176775 0.984181 -0.0117491 39.0662 -0.00792396 0.0105137 0.999913 0
0.99386 0.11064 0.000836097 88.2652 -0.110615 0.993745 -0.0153643 39.0369 -0.00253078 0.0151774 0.999882 0
0.999155 0.0408879 -0.00424497 88.7415 -0.0409567 0.999005 -0.0176713 39.044 0.0035182 0.0178303 0.999835 0
0.999512 -0.0302174 -0.00795124 89.209 0.0300819 0.999409 -0.0166444 39.0915 0.00844949 0.0163971 0.99983 0
0.994794 -0.1013 -0.0111127 89.6695 0.101133 0.994764 -0.0147363 39.1791 0.0125473 0.0135357 0.99983 0
0.98499 -0.172095 -0.0133748 90.1201 0.171901 0.985007 -0.0145363 39.3026 0.0156759 0.012019 0.999805 0
0.970401 -0.241133 -0.0133126 90.5745 0.240915 0.970413 -0.0160934 39.458 0.0167993 0.0124098 0.999782 0
0.951346 -0.307949 -0.0103743 91.021 0.30776 0.95132 -0.0165523 39.6372 0.0149665 0.0125542 0.999809 0
0.927871 -0.372869 -0.00486757 91.4608 0.37276 0.927801 -0.0153499 39.8451 0.0102396 0.0124283 0.99987 0
0.900266 -0.435336 0.00193297 91.9065 0.435328 0.900197 -0.0116243 40.0808 0.00332042 0.0113064 0.999931 0
0.869519 -0.493848 0.00713878 92.329 0.493895 0.86948 -0.00847457 40.341 -0.00202188 0.0108946 0.999939 0
0.837581 -0.546178 0.0121477 92.6977 0.546247 0.837618 -0.00307214 40.6017 -0.00849721 0.00920883 0.999922 0
0.809037 -0.587629 0.0122893 93.0393 0.587666 0.809104 0.000804595 40.8406 -0.0104161 0.00657106 0.999924 0
0.781683 -0.623581 0.0108836 93.3834 0.623551 0.781757 0.00634641 41.089 -0.0124658 0.00182557 0.999921 0
0.760724 -0.649038 0.00692681 93.7443 0.648974 0.760751 0.00958233 41.3766 -0.0114889 -0.00279419 0.99993 0
0.742246 -0.670111 0.00479575 94.1008 0.670047 0.742248 0.0102495 41.6856 -0.0104279 -0.00439426 0.999936 0
0.725649 -0.688036 0.00636318 94.4508 0.687984 0.725674 0.00862036 41.9977 -0.0105487 -0.00187758 0.999943 0
0.713717 -0.700358 0.0103271 94.8174 0.70033 0.713788 0.00673209 42.3202 -0.0120862 0.00242754 0.999924 0
0.706488 -0.707671 0.00876413 95.1899 0.707654 0.706538 0.00550127 42.6514 -0.0100853 0.00231539 0.999947 0
0.700584 -0.713557 0.00424558 95.4966 0.713515 0.700591 0.00823744 43.0379 -0.00885231 -0.00274173 0.999957 0
0.695526 -0.718501 0.000658183 95.8177 0.718444 0.695482 0.0119963 43.4242 -0.00907707 -0.00787083 0.999928 0
0.692759 -0.721159 -0.00380651 96.1925 0.721141 0.692676 0.0124717 43.8385 -0.00635738 -0.0113849 0.999915 0
0.69163 -0.722221 -0.00674298 96.5404 0.722247 0.691558 0.0103248 44.2131 -0.00279361 -0.012011 0.999924 0
0.6925 -0.721382 -0.00713496 96.9191 0.721418 0.69247 0.00651303 44.5989 0.00024236 -0.00965756 0.999953 0
0.695312 -0.718681 -0.00631797 97.3234 0.718701 0.695317 0.00172873 45.0134 0.00315059 -0.00574273 0.999979 0
0.698923 -0.715168 -0.00644755 97.7196 0.715168 0.698947 -0.00271821 45.4197 0.00645047 -0.00271126 0.999976 0
0.702113 -0.71198 -0.0110166 98.1175 0.712024 0.702155 6.77275e-05 45.8397 0.00768715 -0.00789165 0.999939 0
0.705633 -0.708441 -0.013905 98.5336 0.708549 0.705644 0.00495655 46.2687 0.00630058 -0.0133499 0.999891 0
0.709901 -0.704165 -0.0138574 98.9711 0.704297 0.709829 0.0103993 46.7031 0.0025135 -0.0171422 0.99985 0
0.713016 -0.701071 -0.0104108 99.4501 0.701139 0.712855 0.0155386 47.1798 -0.00347225 -0.0183787 0.999825 0
0.716341 -0.6977 -0.00840767 99.8974 0.697678 0.71604 0.02307 47.647 -0.0100757 -0.0223918 0.999699 0
0.718595 -0.695413 -0.0046683 100.368 0.695291 0.718303 0.024738 48.075 -0.0138499 -0.0210224 0.999683 0
0.719544 -0.694445 -0.00139808 100.832 0.694292 0.71934 0.0225322 48.5102 -0.0146417 -0.0171836 0.999745 0
0.719071 -0.694921 -0.00461498 101.323 0.694915 0.718981 0.012607 48.98 -0.00544277 -0.0122723 0.99991 0
0.718567 -0.695409 -0.00820515 101.817 0.695451 0.718562 0.00402894 49.4557 0.00309415 -0.00860134 0.999958 0
0.716736 -0.697234 -0.0124144 102.333 0.697309 0.716766 0.00266777 49.9887 0.00703814 -0.0105688 0.99992 0
0.714373 -0.699641 -0.0132221 102.812 0.699752 0.714349 0.00725513 50.4599 0.00436924 -0.0144351 0.999886 0
0.712894 -0.701196 -0.010333 103.315 0.701269 0.712772 0.013319 50.9551 -0.00197412 -0.0167412 0.999858 0
0.710921 -0.70322 -0.00850918 103.878 0.703229 0.710692 0.0196351 51.4789 -0.00776041 -0.0199429 0.999771 0
0.709349 -0.70482 -0.00726679 104.4 0.704792 0.709105 0.0209139 52.0057 -0.00958765 -0.0199569 0.999755 0
0.707595 -0.706571 -0.00812843 104.902 0.706573 0.707375 0.0193514 52.5404 -0.00792326 -0.0194363 0.99978 0
0.705818 -0.708299 -0.0116045 105.405 0.708391 0.705679 0.0140875 53.0827 -0.0017891 -0.0181638 0.999834 0
0.70358 -0.710431 -0.016209 105.967 0.710615 0.703445 0.0138784 53.6633 0.00154245 -0.0212829 0.999772 0
0.700918 -0.712967 -0.0198107 106.521 0.713238 0.700739 0.0160066 54.2558 0.00246999 -0.0253491 0.999676 0
0.69843 -0.715496 -0.0161764 107.113 0.715678 0.698242 0.0162021 54.8308 -0.00029744 -0.0228931 0.999738 0
0.695785 -0.718128 -0.0132237 107.689 0.718244 0.695585 0.0169408 55.4067 -0.00296742 -0.021285 0.999769 0
0.695076 -0.718877 -0.00921014 108.268 0.718916 0.694902 0.0165065 55.9831 -0.00546599 -0.0180946 0.999821 0
0.69409 -0.719877 -0.00399205 108.844 0.71985 0.693985 0.0141353 56.5845 -0.00740525 -0.0126848 0.999892 0
0.69329 -0.720658 -0.0015217 109.403 0.720607 0.693212 0.0134944 57.194 -0.00867002 -0.0104521 0.999908 0
0.692935 -0.720999 0.00131943 109.967 0.720952 0.692908 0.0103036 57.7969 -0.00834316 -0.0061885 0.999946 0
0.693801 -0.720167 -0.000471914 110.52 0.720141 0.69377 0.00897697 58.3922 -0.00613751 -0.00656807 0.99996 0
0.695165 -0.718812 -0.00743606 111.082 0.718841 0.695065 0.0123889 59.0027 -0.00373678 -0.0139577 0.999896 0
0.696943 -0.716802 -0.0215599 111.696 0.717118 0.696474 0.0257987 59.6352 -0.00347666 -0.0334413 0.999435 0
0.699561 -0.714037 -0.0276662 112.284 0.714556 0.698754 0.0339533 60.2618 -0.00491205 -0.0435214 0.999041 0
0.701343 -0.71224 -0.028851 112.879 0.712802 0.700432 0.0361612 60.8865 -0.00554727 -0.0459265 0.99893 0
0.702335 -0.711426 -0.0244702 113.454 0.711834 0.701708 0.0299653 61.5067 -0.00414717 -0.0384644 0.999251 0
0.703528 -0.710386 -0.0200068 114.099 0.710657 0.703082 0.0253538 62.1391 -0.00394452 -0.0320551 0.999478 0
0.703796 -0.710187 -0.0174988 114.723 0.710392 0.703443 0.0225952 62.7449 -0.00373743 -0.0283334 0.999592 0
0.704422 -0.709607 -0.0157083 115.33 0.709771 0.70412 0.0209858 63.359 -0.00383111 -0.0259321 0.999656 0
0.705392 -0.708655 -0.0151939 115.945 0.708786 0.704993 0.0246672 63.9733 -0.00676895 -0.0281692 0.99958 0
0.706555 -0.70752 -0.013999 116.543 0.707561 0.705991 0.030561 64.5971 -0.0117393 -0.0314981 0.999435 0
0.70707 -0.707032 -0.0125838 117.15 0.706934 0.706316 0.0368941 65.2253 -0.0171971 -0.0349827 0.99924 0
0.707896 -0.706208 -0.0124076 117.741 0.706183 0.707311 0.0318787 65.8201 -0.0137369 -0.0313288 0.999415 0
0.708117 -0.705927 -0.0154157 118.321 0.706086 0.707827 0.0205706 66.398 -0.00360967 -0.0254512 0.99967 0
0.707457 -0.70645 -0.0208386 118.903 0.706709 0.707444 0.00924898 66.9764 0.00820821 -0.0212701 0.99974 0
0.706986 -0.706854 -0.0229928 119.54 0.707182 0.706938 0.0115368 67.5929 0.00809961 -0.0244165 0.999669 0
0.706294 -0.707796 -0.0131371 120.147 0.707902 0.706032 0.0198275 68.2075 -0.00475866 -0.0233038 0.999717 0
0.70476 -0.709445 0.00101054 120.76 0.70906 0.704423 0.0319784 68.8327 -0.0233987 -0.0218205 0.999488 0
0.704186 -0.709976 0.00746897 121.334 0.70946 0.704012 0.0321552 69.4334 -0.0280877 -0.0173443 0.999455 0
0.703355 -0.710839 -0.00057964 121.867 0.710559 0.703055 0.02862 69.9949 -0.0199367 -0.0205419 0.99959 0
0.702947 -0.711103 -0.0140812 122.456 0.711227 0.702665 0.0204657 70.5874 -0.00465891 -0.0244012 0.999692 0
0.701614 -0.712269 -0.0202832 123.043 0.712545 0.701487 0.0139879 71.1894 0.00426524 -0.0242667 0.999697 0
0.699693 -0.714177 -0.0195187 123.65 0.714422 0.699622 0.0113905 71.7926 0.00552087 -0.0219144 0.999745 0
0.696626 -0.717384 -0.00849183 124.185 0.717431 0.696538 0.0113126 72.3848 -0.00220062 -0.013973 0.9999 0
0.693469 -0.720449 -0.00735538 124.764 0.72048 0.693382 0.0113974 72.9882 -0.00311114 -0.0132031 0.999908 0
0.691078 -0.722662 -0.0130703 125.309 0.722775 0.690891 0.0163095 73.562 -0.00275608 -0.0207181 0.999782 0
0.688908 -0.724633 -0.0176814 125.868 0.724845 0.688615 0.0202423 74.2058 -0.00249253 -0.0267614 0.999639 0
0.687937 -0.725532 -0.0186411 126.424 0.725756 0.687527 0.0241875 74.7921 -0.00473251 -0.0301684 0.999534 0
0.687025 -0.726411 -0.0180077 127.015 0.726585 0.686481 0.0285906 75.3993 -0.00840655 -0.0327265 0.999429 0
0.68579 -0.727597 -0.0171621 127.593 0.727725 0.68519 0.0305157 75.9925 -0.0104438 -0.0334166 0.999387 0
0.683753 -0.729557 -0.0151311 128.112 0.729684 0.683394 0.02309 76.5602 -0.00650496 -0.0268288 0.999619 0
0.680921 -0.732221 -0.0140713 128.657 0.732355 0.680748 0.0154321 77.1484 -0.00172068 -0.0208132 0.999782 0
0.676172 -0.736622 -0.0133557 129.184 0.736743 0.676063 0.012154 77.751 7.64165e-05 -0.0180579 0.999837 0
0.670885 -0.741464 -0.0120504 129.718 0.74156 0.670758 0.0131514 78.3538 -0.00166839 -0.0177592 0.999841 0
0.665981 -0.745916 -0.00890502 130.247 0.745916 0.665743 0.019909 78.9593 -0.00892197 -0.0199014 0.999762 0
0.662144 -0.749377 0.000170216 130.816 0.74905 0.661862 0.0293752 79.5728 -0.0221258 -0.0193231 0.999569 0
0.659278 -0.751893 0.00306972 131.334 0.751401 0.658983 0.0337254 80.1699 -0.0273808 -0.0199278 0.999427 0
0.655532 -0.755167 0.00137739 131.862 0.754813 0.655279 0.0294412 80.8032 -0.0231356 -0.01826 0.999566 0
0.65063 -0.759389 -0.00289713 132.366 0.759235 0.650411 0.0229815 81.4195 -0.0155676 -0.0171521 0.999732 0
0.645118 -0.764059 -0.00604545 132.868 0.764054 0.645002 0.0139403 82.0463 -0.0067519 -0.0136122 0.999885 0
0.639744 -0.768517 -0.0104831 133.386 0.768582 0.639623 0.0128055 82.6886 -0.00313603 -0.0162493 0.999863 0
0.634219 -0.773026 -0.0140536 133.892 0.773129 0.633951 0.0194289 83.3296 -0.00610981 -0.0231874 0.999713 0
0.627925 -0.778128 -0.0150434 134.404 0.778224 0.62755 0.0234047 83.9691 -0.00877142 -0.0264035 0.999613 0
0.620508 -0.784009 -0.0173214 134.876 0.784172 0.620147 0.0221701 84.6103 -0.00663974 -0.0273397 0.999604 0
0.613418 -0.789531 -0.0189542 135.376 0.789753 0.613146 0.0185026 85.2444 -0.0029867 -0.0263189 0.999649 0
0.606948 -0.794509 -0.0192155 135.904 0.794734 0.606658 0.0190682 85.9186 -0.00349264 -0.0268446 0.999634 0
0.600566 -0.799322 -0.0201435 136.398 0.79954 0.600113 0.0244943 86.5957 -0.00749048 -0.030816 0.999497 0
0.593412 -0.804698 -0.0180028 136.871 0.804788 0.59281 0.0298799 87.268 -0.013372 -0.0322195 0.999391 0
0.587326 -0.809236 -0.013617 137.347 0.809114 0.586665 0.0340413 87.9135 -0.0195588 -0.031011 0.999328 0
0.581587 -0.813393 -0.0122111 137.829 0.813169 0.580877 0.0365966 88.5921 -0.0226743 -0.0312137 0.999256 0
0.577573 -0.816239 -0.0127627 138.322 0.816025 0.576846 0.0367787 89.2758 -0.0226582 -0.0316571 0.999242 0
0.574642 -0.81822 -0.0173968 138.792 0.818235 0.573958 0.0326125 89.9911 -0.0166992 -0.0329752 0.999317 0
0.571805 -0.820028 -0.0243606 139.257 0.820336 0.571176 0.0283897 90.6759 -0.00936618 -0.0362173 0.9993 0
0.56979 -0.821258 -0.029586 139.709 0.821778 0.569211 0.0260747 91.3343 -0.00457338 -0.0391702 0.999222 0
0.567153 -0.822979 -0.0322878 140.173 0.823598 0.566478 0.0280739 92.0095 -0.00481389 -0.0425144 0.999084 0
0.564554 -0.824857 -0.0298349 140.643 0.825245 0.563391 0.0395048 92.715 -0.0157771 -0.0469237 0.998774 0
0.561772 -0.82693 -0.0244653 141.106 0.826817 0.560202 0.0504732 93.4217 -0.0280323 -0.0485827 0.998426 0
0.557738 -0.829717 -0.0223324 141.567 0.829546 0.556313 0.0486755 94.0654 -0.0279631 -0.045674 0.998565 0
0.553481 -0.83268 -0.0174117 142.016 0.832536 0.552557 0.0395556 94.7279 -0.0233161 -0.0363891 0.999066 0
0.547685 -0.836552 -0.0149149 142.47 0.836582 0.547252 0.0254286 95.4428 -0.0131101 -0.0264043 0.999566 0
0.542164 -0.839989 -0.0218565 142.912 0.840196 0.54158 0.0275982 96.175 -0.0113452 -0.0333265 0.99938 0
0.53601 -0.843947 -0.0211545 143.354 0.844063 0.535275 0.032238 96.8854 -0.0158837 -0.0351356 0.999256 0
0.529339 -0.848318 -0.0125237 143.815 0.848154 0.528758 0.0324046 97.5976 -0.0208674 -0.027775 0.999396 0
0.523688 -0.851907 -0.00255392 144.271 0.85154 0.523369 0.0310543 98.2971 -0.0251187 -0.0184375 0.999515 0
0.518457 -0.855086 0.00543981 144.697 0.854685 0.518392 0.0279795 99.0099 -0.0267449 -0.00985686 0.999594 0
0.513293 -0.85814 0.0112371 145.115 0.85789 0.513414 0.020747 99.7024 -0.0235731 -0.00100904 0.999722 0
0.508176 -0.861165 0.0123346 145.525 0.861137 0.508291 0.0091339 100.387 -0.0141353 0.00598014 0.999882 0
0.50316 -0.864166 0.00683716 145.998 0.864178 0.503183 0.00204894 101.104 -0.00521097 0.00487758 0.999975 0
0.497777 -0.867303 -0.00189796 146.405 0.867279 0.497743 0.00893118 101.845 -0.00680135 -0.00609179 0.999958 0
0.492887 -0.870074 -0.00580177 146.835 0.869945 0.492669 0.0217202 102.604 -0.0160399 -0.0157529 0.999747 0
0.487771 -0.872971 0.00116264 147.243 0.872505 0.487553 0.0320462 103.362 -0.0285423 -0.0146168 0.999486 0
0.483564 -0.875288 0.00615505 147.635 0.874657 0.483463 0.0351998 104.12 -0.0337857 -0.0116378 0.999361 0
0.482093 -0.87612 -0.000201297 148.023 0.875783 0.481901 0.0278353 104.852 -0.0242901 -0.0135955 0.999613 0
0.480798 -0.876787 -0.00882509 148.394 0.876746 0.480586 0.0188174 105.569 -0.0122577 -0.0167847 0.999784 0
0.479606 -0.877341 -0.0158239 148.785 0.877463 0.479392 0.0155574 106.332 -0.0060633 -0.0213463 0.999754 0
0.478279 -0.87809 -0.0143919 149.2 0.878188 0.478092 0.0146292 107.069 -0.0059651 -0.0196356 0.99979 0
0.477886 -0.878352 -0.011106 149.615 0.878341 0.477633 0.019597 107.835 -0.0119085 -0.01912 0.999746 0
0.477273 -0.878719 -0.00794041 150.051 0.878533 0.476929 0.0268233 108.587 -0.0197831 -0.0197779 0.999609 0
0.475681 -0.879618 8.93724e-05 150.414 0.87932 0.475522 0.0259707 109.326 -0.0228868 -0.0122752 0.999663 0
0.474463 -0.880271 0.00286854 150.843 0.880114 0.474436 0.0176018 110.065 -0.0168553 -0.00582676 0.999841 0
0.473048 -0.881013 0.00639949 151.232 0.881016 0.473074 0.00346803 110.797 -0.00608282 0.00399751 0.999974 0
0.471807 -0.881616 0.0122622 151.65 0.881699 0.471728 -0.00889743 111.542 0.00205972 0.0150094 0.999885 0
0.471125 -0.882042 0.00659723 152.031 0.882065 0.471096 -0.00548574 112.262 0.00173072 0.00840366 0.999963 0
0.469112 -0.883124 0.00520959 152.443 0.883096 0.469139 0.00707919 113.073 -0.00869582 0.00127964 0.999961 0
0.466902 -0.884157 0.0163896 152.863 0.884201 0.467055 0.00701657 113.887 -0.0138586 0.0112157 0.999841 0
0.466161 -0.884407 0.0227722 153.249 0.884604 0.466335 0.00269861 114.667 -0.0130061 0.0188864 0.999737 0
0.466476 -0.884423 0.014053 153.635 0.884495 0.466545 0.00193056 115.423 -0.00826377 0.0115292 0.9999 0
0.467146 -0.88415 0.00737763 153.962 0.884163 0.467172 0.00231155 116.097 -0.00549038 0.0054432 0.99997 0
0.467096 -0.884201 0.0032655 154.374 0.884188 0.467106 0.0047944 116.849 -0.00576455 0.00064788 0.999983 0
0.466318 -0.884617 0.000205439 154.749 0.884575 0.466298 0.00961615 117.587 -0.0086024 -0.00430245 0.999954 0
0.465849 -0.88486 -0.00257349 155.142 0.884777 0.465761 0.0153715 118.347 -0.012403 -0.00943775 0.999879 0
0.464811 -0.88541 0.000683114 155.519 0.885305 0.464768 0.0150123 119.091 -0.0136096 -0.00637314 0.999887 0
0.46376 -0.885959 0.00182968 155.88 0.885881 0.463745 0.0124764 119.821 -0.0119021 -0.00416517 0.999921 0
0.463296 -0.886202 -0.0019059 156.241 0.886188 0.463274 0.00696789 120.549 -0.005292 -0.00491718 0.999974 0
0.46286 -0.886387 -0.00890277 156.603 0.886428 0.462807 0.0073752 121.284 -0.00241701 -0.0113054 0.999933 0
0.46158 -0.887034 -0.0106835 157.028 0.88703 0.46136 0.0180308 122.048 -0.011065 -0.0177993 0.99978 0
0.459859 -0.887986 -0.00321661 157.365 0.887737 0.459638 0.0256165 122.708 -0.0212686 -0.0146355 0.999667 0
0.458194 -0.888834 0.00569311 157.717 0.88849 0.45818 0.0256202 123.39 -0.0253806 -0.00668074 0.999656 0
0.457083 -0.889359 0.0107754 158.056 0.889163 0.457208 0.018695 124.076 -0.0215532 0.00103589 0.999767 0
0.458511 -0.88868 0.00384779 158.414 0.888607 0.458523 0.0116026 124.764 -0.0120753 -0.00190076 0.999925 0
0.459444 -0.888203 -0.00262344 158.694 0.888179 0.459403 0.0093082 125.386 -0.00706236 -0.00660667 0.999953 0
0.460172 -0.887788 -0.00861438 159.012 0.887823 0.460108 0.00839415 125.992 -0.00348868 -0.0115108 0.999928 0
0.462051 -0.88678 -0.0114477 159.328 0.886853 0.462006 0.00646464 126.598 -0.000443802 -0.0131394 0.999914 0
0.465723 -0.884813 -0.0144409 159.627 0.88493 0.46568 0.0064265 127.208 0.00103858 -0.0157721 0.999875 0
0.470522 -0.882259 -0.0150843 159.936 0.882386 0.470419 0.0100252 127.807 -0.00174893 -0.0180273 0.999836 0
0.476527 -0.879084 -0.0115777 160.247 0.879081 0.476266 0.0196821 128.346 -0.0117881 -0.0195568 0.999739 0
0.481812 -0.876214 -0.0102759 160.571 0.876087 0.481433 0.0263624 128.921 -0.018152 -0.0217043 0.9996 0
0.487174 -0.873215 -0.0125145 160.868 0.873145 0.48676 0.0261249 129.487 -0.0167211 -0.0236543 0.999581 0
0.492792 -0.870015 -0.015171 161.18 0.870093 0.492491 0.0197744 130.061 -0.00973242 -0.0229448 0.999689 0
0.499297 -0.866214 -0.0193889 161.505 0.866431 0.499151 0.0120797 130.645 -0.000785634 -0.0228305 0.999739 0
0.506226 -0.862034 -0.02516 161.83 0.862382 0.506192 0.00816608 131.23 0.00569633 -0.0258314 0.99965 0
0.512876 -0.858134 -0.0237661 162.183 0.858446 0.512841 0.0079916 131.823 0.00533034 -0.0245006 0.999686 0
0.518204 -0.855032 -0.0196497 162.525 0.855254 0.518132 0.00898832 132.401 0.00249582 -0.0214632 0.999767 0
0.523656 -0.851863 -0.0106802 162.896 0.851925 0.523568 0.0100676 132.967 -0.00298439 -0.0143707 0.999892 0
0.528768 -0.84876 -0.00323701 163.265 0.848735 0.528712 0.010609 133.521 -0.00729307 -0.00835706 0.999939 0
0.53124 -0.847218 -0.00259104 163.591 0.847179 0.53118 0.0116787 134.019 -0.00851812 -0.00839928 0.999929 0
0.532107 -0.846671 -0.00327026 163.927 0.846625 0.532027 0.0131528 134.545 -0.00939623 -0.00976737 0.999908 0
0.531532 -0.847035 -0.00242754 164.273 0.846956 0.531438 0.0154482 135.112 -0.0117951 -0.0102672 0.999878 0
0.531303 -0.847182 -0.00023245 164.621 0.847058 0.531221 0.0172486 135.701 -0.0144893 -0.00936116 0.999851 0
0.531663 -0.846954 -0.0018313 164.992 0.846798 0.53152 0.0204737 136.293 -0.0163669 -0.0124358 0.999789 0
0.531602 -0.846942 -0.00939555 165.347 0.846893 0.531334 0.0213469 136.859 -0.0130874 -0.0193051 0.999728 0
0.530768 -0.847348 -0.0169186 165.681 0.847502 0.530533 0.0165837 137.404 -0.00507628 -0.0231407 0.999719 0
0.52906 -0.848352 -0.0198818 166.007 0.848576 0.529013 0.00799868 137.937 0.00373204 -0.021103 0.99977 0
0.525739 -0.850473 -0.0171536 166.345 0.850597 0.525819 -0.000141514 138.473 0.00914005 -0.0145164 0.999853 0
0.522288 -0.852615 -0.0162468 166.677 0.852762 0.522267 0.00585699 139.072 0.0034914 -0.0169137 0.999851 0
0.518755 -0.854795 -0.0147907 167 0.854905 0.518551 0.0155984 139.68 -0.00566372 -0.0207363 0.999769 0
0.515458 -0.856901 -0.00496574 167.388 0.85667 0.515164 0.0268824 140.298 -0.0204774 -0.0181108 0.999626 0
0.512139 -0.858892 0.00428162 167.769 0.858309 0.511964 0.0346104 140.91 -0.0319186 -0.0140504 0.999392 0
0.509802 -0.860268 0.00637687 168.13 0.859665 0.5097 0.0343998 141.529 -0.0328433 -0.0120551 0.999388 0
0.508089 -0.861303 0.00197038 168.471 0.860898 0.507917 0.0295885 142.143 -0.0264855 -0.0133373 0.99956 0
0.505054 -0.86308 -0.00356149 168.805 0.862935 0.504883 0.0208804 142.726 -0.0162234 -0.0136191 0.999776 0
0.502858 -0.864368 -0.00131611 169.155 0.86431 0.502805 0.0124825 143.316 -0.0101277 -0.00741443 0.999921 0
0.501836 -0.864943 0.00587347 169.523 0.864902 0.501869 0.00844366 143.905 -0.010251 0.000842646 0.999947 0
0.500972 -0.865339 0.0146912 169.899 0.865343 0.501113 0.00817477 144.498 -0.0144359 0.00861759 0.999859 0
0.499704 -0.865959 0.020296 170.267 0.865986 0.499962 0.0103584 145.107 -0.0191172 0.0123999 0.99974 0
0.498756 -0.866454 0.0223602 170.622 0.866518 0.499048 0.00987623 145.713 -0.0197161 0.0144497 0.999701 0
0.497856 -0.86692 0.0242846 170.961 0.867095 0.498111 0.00552895 146.313 -0.0168896 0.0183045 0.99969 0
