0.480565 -0.87665 0.0232865 0.687383 0.876925 0.48061 -0.00401009 0.55236 -0.0076763 0.0223477 0.999721 0
0.50338 -0.863723 0.0243047 0.931647 0.863976 0.503534 0.000221599 1.13932 -0.0124296 0.0208871 0.999705 0
0.501663 -0.864785 0.0219376 1.34987 0.865008 0.501757 -0.0013992 1.89543 -0.00979734 0.0196781 0.999758 0
0.465885 -0.884568 0.0221333 1.69256 0.884825 0.465899 -0.00483992 2.53138 -0.00603066 0.021839 0.999743 0
0.464605 -0.885305 0.0194423 2.11748 0.885505 0.464607 -0.00470336 3.30954 -0.0048691 0.0194014 0.9998 0
0.465702 -0.884629 0.0235058 2.50893 0.884918 0.465718 -0.00515804 4.01346 -0.00638411 0.0232028 0.99971 0
0.461453 -0.886855 0.0234481 2.89864 0.887134 0.461497 -0.00382133 4.72718 -0.00743226 0.022565 0.999718 0
0.457672 -0.888827 0.0228453 3.26836 0.889089 0.457723 -0.0032797 5.40632 -0.00754172 0.0218125 0.999734 0
0.460488 -0.887312 0.0250586 3.67746 0.887623 0.46056 -0.0031589 6.16509 -0.00873807 0.0236972 0.999681 0
0.459248 -0.887927 0.0260135 4.10755 0.888275 0.459286 -0.00484588 6.97964 -0.00764483 0.0253326 0.99965 0
0.458435 -0.888312 0.027169 4.54081 0.888694 0.45847 -0.00529716 7.80299 -0.00775064 0.0265733 0.999617 0
0.45487 -0.889874 0.0349068 4.97494 0.890408 0.455162 0.000491562 8.62356 -0.0163257 0.0308577 0.99939 0
0.455188 -0.889404 0.0420112 5.40702 0.890043 0.455829 0.00665087 9.44523 -0.0250652 0.0343644 0.999095 0
0.455965 -0.888935 0.0434772 5.84186 0.889551 0.45674 0.00938703 10.2848 -0.0282022 0.034395 0.99901 0
0.457267 -0.888183 0.0451286 6.28043 0.888817 0.458137 0.0106993 11.1288 -0.0301781 0.0352186 0.998924 0
0.464841 -0.883966 0.0502754 6.72056 0.884728 0.465944 0.0123458 11.9628 -0.0343388 0.0387412 0.998659 0
0.465906 -0.883542 0.0478053 7.16472 0.8843 0.466821 0.00952576 12.8174 -0.030733 0.0378361 0.998811 0
0.467014 -0.883076 0.045555 7.61245 0.883865 0.467711 0.00543322 13.6763 -0.0261045 0.037727 0.998947 0
0.467969 -0.882549 0.0459589 8.06466 0.883415 0.468582 0.00296913 14.5397 -0.024156 0.0392114 0.998939 0
0.480292 -0.875399 0.0547311 8.5192 0.876585 0.481226 0.00453973 15.3891 -0.0303121 0.0457961 0.998491 0
0.487812 -0.870627 0.0636241 8.97495 0.872157 0.489177 0.00695175 16.2446 -0.0371758 0.052099 0.99795 0
0.494362 -0.866143 0.0734993 9.4323 0.868312 0.495996 0.00465985 17.1023 -0.0404914 0.0615167 0.997284 0
0.492986 -0.866612 0.0771286 9.89551 0.869202 0.494457 -2.5355e-05 17.9835 -0.0381148 0.0670528 0.997021 0
0.503015 -0.860588 0.0797738 10.3565 0.863571 0.50419 -0.00612976 18.8552 -0.0349459 0.0719737 0.996794 0
0.513618 -0.854113 0.0817745 10.8176 0.857382 0.514573 -0.0105515 19.7349 -0.0330667 0.0755313 0.996595 0
0.524226 -0.847299 0.0852708 11.2792 0.850924 0.525117 -0.0134404 20.6215 -0.0333891 0.0796047 0.996267 0
0.522368 -0.848499 0.0847371 11.7393 0.851987 0.523456 -0.0106074 21.5291 -0.0353558 0.0777359 0.996347 0
0.537322 -0.838753 0.0881957 12.2044 0.842541 0.538501 -0.011859 22.4277 -0.0375467 0.0806806 0.996033 0
0.535456 -0.839898 0.0886475 12.664 0.843648 0.536807 -0.00985044 23.3386 -0.0393132 0.0800617 0.996014 0
0.533514 -0.840949 0.0903763 13.1236 0.844786 0.535038 -0.00847056 24.2488 -0.0412314 0.0808677 0.995872 0
0.531704 -0.842242 0.0889915 13.5812 0.84578 0.533518 -0.0039662 25.1589 -0.0441381 0.0773761 0.996024 0
0.557869 -0.824745 0.0926197 14.0482 0.8287 0.559633 -0.00811686 26.0535 -0.0451387 0.0812821 0.995668 0
0.556604 -0.825631 0.0923384 14.5015 0.829575 0.558334 -0.00830634 26.9603 -0.0446977 0.081225 0.995693 0
0.58583 -0.804786 0.0955144 14.9668 0.809335 0.587093 -0.0172673 27.8489 -0.0421794 0.087419 0.995278 0
0.58454 -0.805942 0.0936556 15.4142 0.810333 0.585715 -0.0172949 28.7532 -0.0409168 0.0860017 0.995454 0
0.581517 -0.808004 0.0946983 15.8646 0.812496 0.582706 -0.0174418 29.653 -0.0410882 0.0870847 0.995353 0
0.578579 -0.809943 0.0961158 16.314 0.814552 0.579837 -0.0171458 30.5499 -0.0418444 0.0882115 0.995222 0
0.576042 -0.811878 0.0950294 16.7592 0.816368 0.577296 -0.0165043 31.4441 -0.0414607 0.0870861 0.995338 0
0.57384 -0.813955 0.0904698 17.2007 0.818127 0.574747 -0.0182942 32.3348 -0.0371066 0.0845137 0.995731 0
0.571714 -0.815737 0.087841 17.6418 0.819769 0.572326 -0.0205622 33.2209 -0.0335003 0.083765 0.995922 0
0.569156 -0.817505 0.0880195 18.0842 0.821521 0.56984 -0.0196204 34.1029 -0.0341172 0.083477 0.995925 0
0.566601 -0.818888 0.0915722 18.5269 0.823137 0.567569 -0.0176303 34.9807 -0.0375363 0.0853658 0.995642 0
0.564103 -0.820375 0.0936558 18.9683 0.824765 0.565233 -0.0165467 35.8536 -0.0393628 0.0865781 0.995467 0
0.56191 -0.821645 0.0956889 19.408 0.826264 0.563004 -0.0177279 36.7218 -0.0393072 0.0890258 0.995253 0
0.559619 -0.822979 0.0976293 19.8473 0.827878 0.56054 -0.0203171 37.5847 -0.0380046 0.092195 0.995015 0
0.556902 -0.824688 0.0987356 20.2856 0.82973 0.55776 -0.0212686 38.4437 -0.0375308 0.0937684 0.994886 0
0.553804 -0.826409 0.101737 20.7234 0.831704 0.554847 -0.0203525 39.2996 -0.0396292 0.0958866 0.994603 0
0.609747 -0.784796 0.110922 21.1741 0.791728 0.609633 -0.0389106 40.1302 -0.0370848 0.111546 0.993067 0
0.607281 -0.78642 0.112936 21.6032 0.793417 0.607679 -0.034852 40.9857 -0.0412203 0.11077 0.992991 0
0.603997 -0.789133 0.111609 22.0286 0.795926 0.604472 -0.0334014 41.8353 -0.0411061 0.109006 0.993191 0
0.661531 -0.74223 0.107102 22.4583 0.749445 0.659408 -0.0592753 42.649 -0.0266281 0.11948 0.99248 0
0.659513 -0.744778 0.101732 22.8716 0.751418 0.656871 -0.0623827 43.4873 -0.0203637 0.117585 0.992854 0
0.65577 -0.748734 0.0967603 23.2803 0.754746 0.653235 -0.0603598 44.3159 -0.0180137 0.112612 0.993476 0
0.651876 -0.752392 0.0946775 23.6838 0.758069 0.649802 -0.0555767 45.133 -0.0197062 0.108001 0.993955 0
0.647565 -0.756167 0.0941864 24.0819 0.761681 0.645957 -0.0508218 45.9351 -0.0224106 0.10465 0.994257 0
0.64331 -0.75994 0.0929725 24.4731 0.765252 0.641946 -0.0479015 46.7226 -0.0232811 0.101963 0.994516 0
0.639089 -0.7636 0.0920837 24.8582 0.768765 0.637889 -0.0458016 47.4965 -0.0237651 0.100062 0.994697 0
0.634504 -0.767499 0.0913815 25.2375 0.772515 0.633548 -0.0428648 48.2567 -0.0249958 0.0977915 0.994893 0
0.674133 -0.733851 0.0837106 25.6099 0.738553 0.671148 -0.0640294 48.97 -0.00919419 0.104989 0.994431 0
0.670938 -0.736741 0.0839949 25.9758 0.74144 0.66815 -0.0619835 49.7119 -0.0104555 0.103864 0.994537 0
0.666063 -0.741142 0.0840791 26.3353 0.745787 0.663646 -0.0580999 50.4405 -0.0127385 0.101403 0.994764 0
0.66113 -0.745509 0.0843991 26.6884 0.750087 0.659262 -0.0523638 51.1559 -0.0166035 0.097926 0.995055 0
0.681412 -0.728198 0.0735182 27.0293 0.7319 0.677958 -0.0685261 51.8131 5.83596e-05 0.100503 0.994937 0
0.677972 -0.731678 0.0707171 27.3668 0.735087 0.674913 -0.0643394 52.5067 -0.000652143 0.0956035 0.995419 0
0.673269 -0.736555 0.0647791 27.694 0.739391 0.670286 -0.0633856 53.1816 0.00326647 0.0905726 0.995884 0
0.676991 -0.734588 0.0454313 28.0048 0.735266 0.672295 -0.0860406 53.7876 0.0326611 0.0916529 0.995255 0
0.673972 -0.737588 0.0415365 28.3158 0.737892 0.6694 -0.0861322 54.4349 0.0357255 0.0887002 0.995417 0
0.669259 -0.741945 0.040124 28.6166 0.742269 0.665155 -0.0812792 55.0615 0.033616 0.0841796 0.995883 0
0.655997 -0.754357 0.0247871 28.8951 0.752778 0.651537 -0.0939463 55.6126 0.0547194 0.0802876 0.995269 0
0.652834 -0.757102 0.0245768 29.1791 0.755632 0.648601 -0.0913089 56.2067 0.0531897 0.0781805 0.995519 0
0.648031 -0.761212 0.024742 29.4562 0.759651 0.64369 -0.0926986 56.7779 0.0546371 0.0788669 0.995387 0
0.643828 -0.764774 0.0246229 29.7273 0.763031 0.63929 -0.0953526 57.3279 0.057182 0.0801787 0.995139 0
0.640877 -0.767301 0.0229164 29.9899 0.765446 0.636501 -0.0946522 57.8606 0.0580405 0.0782017 0.995247 0
0.638807 -0.769121 0.0194374 30.2432 0.767445 0.635224 -0.0867078 58.3778 0.0543417 0.0703067 0.996044 0
0.637542 -0.770192 0.0185491 30.4926 0.768843 0.634519 -0.0791643 58.8767 0.049202 0.064732 0.996689 0
0.636599 -0.770892 0.0216093 30.7436 0.769994 0.633796 -0.0735647 59.354 0.0430146 0.0634703 0.997056 0
0.636937 -0.77046 0.026511 30.9931 0.770071 0.634254 -0.0686487 59.8139 0.0360764 0.0641403 0.997289 0
0.639149 -0.768591 0.0275094 31.2385 0.768462 0.636786 -0.0630089 60.2599 0.0309105 0.0614119 0.997634 0
0.643897 -0.764761 0.0231615 31.4781 0.764587 0.64204 -0.0564979 60.6944 0.0283368 0.0540878 0.998134 0
0.651366 -0.758551 0.0179773 31.7168 0.758352 0.650049 -0.0483504 61.1144 0.0249901 0.0451269 0.998669 0
0.661267 -0.749991 0.0155044 31.9601 0.749848 0.66027 -0.0420959 61.5151 0.0213344 0.0394626 0.998993 0
0.673896 -0.738642 0.0164978 32.2086 0.738626 0.673024 -0.0383582 61.8958 0.0172296 0.0380352 0.999128 0
0.68899 -0.724547 0.0179977 32.4618 0.724663 0.688247 -0.0343471 62.259 0.0124992 0.036707 0.999248 0
0.702655 -0.711482 0.00837563 32.6886 0.711175 0.701883 -0.0398795 62.5615 0.0224948 0.0339781 0.999169 0
0.724285 -0.689443 0.00890389 32.9645 0.689257 0.723627 -0.0358996 62.9085 0.0183077 0.0321386 0.999316 0
0.746134 -0.665743 0.00842106 33.2499 0.665655 0.745656 -0.0299868 63.2398 0.0136843 0.0279797 0.999515 0
0.769752 -0.638294 0.00793597 33.5454 0.638275 0.769427 -0.0242349 63.5531 0.00936286 0.0237202 0.999675 0
0.794728 -0.606928 0.00673246 33.8512 0.606938 0.794538 -0.0183049 63.8462 0.00576055 0.0186336 0.99981 0
0.821133 -0.57072 0.00440579 34.1661 0.570725 0.82104 -0.0129221 64.1184 0.00375757 0.0131252 0.999907 0
0.85904 -0.511908 0.00103443 34.4591 0.511894 0.858996 -0.00950757 64.3622 0.00397844 0.0086969 0.999954 0
0.885923 -0.463832 7.17283e-05 34.8028 0.463821 0.885901 -0.00708073 64.5916 0.00322073 0.00630625 0.999975 0
0.909959 -0.414698 -0.000645137 35.1549 0.414697 0.909958 -0.00147063 64.7952 0.00119691 0.00107067 0.999999 0
0.932065 -0.362291 -0.000273757 35.5141 0.36229 0.932063 0.00221249 64.9716 -0.000546405 -0.00216136 0.999997 0
0.951383 -0.308012 0.00047616 35.8797 0.308003 0.951365 0.00629807 65.1205 -0.00239288 -0.00584521 0.99998 0
0.967454 -0.253033 0.00278717 36.2524 0.252988 0.967406 0.0110764 65.2445 -0.00549902 -0.0100108 0.999935 0
0.980264 -0.197583 0.00660777 36.6321 0.197443 0.980158 0.0175239 65.3448 -0.00993908 -0.0158734 0.999825 0
0.989778 -0.142221 0.0106447 37.0173 0.141933 0.989582 0.024141 65.4212 -0.0139672 -0.0223834 0.999652 0
0.996069 -0.0875175 0.0136859 37.4063 0.0871079 0.995802 0.0281093 65.4719 -0.0160885 -0.0268067 0.999511 0
0.999277 -0.0344529 0.016092 37.7982 0.0339792 0.999007 0.0288347 65.4964 -0.0170695 -0.0282671 0.999455 0
0.9997 0.0159452 0.0185899 38.1918 -0.0165311 0.999357 0.0318022 65.4996 -0.0180708 -0.0321 0.999321 0
0.997686 0.0644943 0.0215126 38.5874 -0.0653036 0.997091 0.0393153 65.4881 -0.0189144 -0.0406292 0.998995 0
0.993567 0.110593 0.0243631 38.984 -0.111645 0.992628 0.0471735 65.4598 -0.0189665 -0.04959 0.99859 0
0.987908 0.152712 0.0267653 39.3801 -0.153915 0.986774 0.0508728 65.4088 -0.0186424 -0.0543772 0.998346 0
0.968385 0.245707 0.0431092 39.766 -0.247833 0.967301 0.0539213 65.363 -0.0284507 -0.0629004 0.997614 0
0.958442 0.281876 0.0439942 40.1645 -0.283776 0.957815 0.0454109 65.2664 -0.029338 -0.0560082 0.997999 0
0.949039 0.311782 0.0460143 40.5695 -0.313826 0.948312 0.0470863 65.1656 -0.0289553 -0.0591272 0.99783 0
0.915214 0.398841 0.0575206 40.9705 -0.401954 0.913682 0.0601522 65.0951 -0.0285644 -0.0781728 0.996531 0
0.902521 0.427247 0.054007 41.4015 -0.430204 0.900162 0.0680676 64.9903 -0.0195334 -0.0846664 0.996218 0
0.892216 0.448389 0.0538374 41.841 -0.4513 0.889659 0.069531 64.8771 -0.01672 -0.0863335 0.996126 0
0.879525 0.473935 0.0426643 42.2865 -0.475793 0.877284 0.0632014 64.751 -0.00747536 -0.0758866 0.997088 0
0.862997 0.505072 0.011794 42.7353 -0.505037 0.861857 0.0462541 64.6089 0.0131969 -0.0458736 0.99886 0
0.846642 0.531819 -0.0191292 43.1883 -0.531017 0.846631 0.0351738 64.4557 0.0349015 -0.0196217 0.999198 0
0.82926 0.557129 -0.043986 43.6475 -0.556446 0.830424 0.027617 64.295 0.0519133 0.00157417 0.99865 0
0.812364 0.579941 -0.0611004 44.1085 -0.579879 0.814443 0.0205622 64.1202 0.0616877 0.0187269 0.99792 0
0.796178 0.600198 -0.0765629 44.5692 -0.601137 0.799045 0.012705 63.929 0.0688027 0.0359093 0.996984 0
0.780679 0.618063 -0.0924067 45.0277 -0.620368 0.784297 0.00472614 63.721 0.0753954 0.0536366 0.99571 0
0.76649 0.633389 -0.10636 45.4795 -0.637157 0.770732 -0.00189296 63.4931 0.080776 0.0692188 0.994326 0
0.754532 0.646048 -0.115345 45.9233 -0.650797 0.759237 -0.00471591 63.2456 0.0845277 0.0786247 0.993314 0
0.745521 0.655762 -0.119052 46.368 -0.660748 0.7506 -0.0032462 62.9845 0.087232 0.0810838 0.992883 0
0.740052 0.661694 -0.120349 46.8285 -0.666622 0.745396 -0.000918333 62.7176 0.0890999 0.0809068 0.992731 0
0.736312 0.665758 -0.120877 47.3124 -0.67062 0.741801 0.000615995 62.4464 0.0900767 0.080609 0.992667 0
0.733796 0.669467 -0.11557 47.8129 -0.673493 0.739173 0.00558501 62.164 0.0891655 0.0737376 0.993284 0
0.734114 0.671139 -0.10319 48.3267 -0.673597 0.738965 0.014062 61.8653 0.0856917 0.0591856 0.994562 0
0.727684 0.681542 -0.0773143 48.8567 -0.681478 0.731168 0.0313176 61.5897 0.077874 0.0298987 0.996515 0
0.727673 0.681536 -0.07746 49.445 -0.681667 0.731093 0.0288535 61.283 0.0762952 0.031806 0.996578 0
0.730014 0.679492 -0.073281 50.0536 -0.679422 0.733145 0.0297263 60.974 0.0739244 0.0280881 0.996868 0
0.733962 0.675982 -0.0659364 50.6608 -0.675656 0.736585 0.0305178 60.6498 0.0691973 0.0221515 0.997357 0
0.73917 0.671104 -0.0569821 51.2692 -0.670422 0.741237 0.0331895 60.3064 0.0645109 0.0136694 0.997823 0
0.744348 0.66619 -0.0462358 51.8797 -0.66508 0.745779 0.0384965 59.9478 0.0601276 0.00209574 0.998188 0
0.750003 0.660715 -0.0308529 52.4923 -0.659328 0.75052 0.0447916 59.5814 0.0527502 -0.0132516 0.99852 0
0.755707 0.654699 -0.0166479 53.1228 -0.653418 0.755456 0.0482877 59.2141 0.0441906 -0.0256133 0.998695 0
0.769653 0.638457 -0.00286711 53.776 -0.637294 0.768507 0.0570283 58.8982 0.0386135 -0.0420648 0.998368 0
0.772543 0.63494 -0.00539053 54.481 -0.633806 0.771619 0.0538021 58.5201 0.0383206 -0.0381479 0.998537 0
0.776082 0.630566 -0.00912119 55.2091 -0.629364 0.775357 0.0521815 58.142 0.039976 -0.0347566 0.998596 0
0.779981 0.625745 -0.00856196 55.9351 -0.624597 0.779254 0.0514026 57.7632 0.0388368 -0.0347453 0.998641 0
0.798588 0.601853 0.0054568 56.6346 -0.601013 0.796922 0.060825 57.4415 0.0322591 -0.0518537 0.998134 0
0.801939 0.597336 0.00911073 57.3381 -0.59662 0.800009 0.0634824 57.0385 0.0306317 -0.0563447 0.997941 0
0.804703 0.593485 0.0150956 58.0482 -0.592989 0.802288 0.0685442 56.6365 0.028569 -0.0641093 0.997534 0
0.805143 0.592925 0.0136034 58.7764 -0.592216 0.80252 0.0724033 56.2382 0.0320128 -0.0663512 0.997283 0
0.8241 0.566443 0.00152697 59.5148 -0.56431 0.820757 0.088947 55.9176 0.0491301 -0.0741628 0.996035 0
0.824726 0.5655 0.00607026 60.2475 -0.563717 0.821172 0.0888854 55.5086 0.04528 -0.0767281 0.996023 0
0.825753 0.563901 0.0121392 60.961 -0.562783 0.822304 0.0842041 55.1039 0.0375006 -0.0763636 0.996375 0
0.82638 0.562747 0.0203024 61.6664 -0.562415 0.823024 0.0795064 54.7009 0.0280327 -0.0771208 0.996628 0
0.827192 0.561366 0.0249399 62.3798 -0.561439 0.823837 0.0779651 54.2968 0.0232206 -0.0784944 0.996644 0
0.828057 0.560074 0.025266 63.1042 -0.560155 0.824614 0.0789785 53.892 0.0233991 -0.0795516 0.996556 0
0.829066 0.558578 0.0252927 63.835 -0.558624 0.825473 0.0808288 53.4936 0.0242707 -0.0811415 0.996407 0
0.829429 0.558059 0.0248665 64.5705 -0.558105 0.825957 0.0794588 53.107 0.023804 -0.0797835 0.996528 0
0.829326 0.558196 0.0252141 65.3074 -0.558346 0.826109 0.0761132 52.7288 0.0216565 -0.0772008 0.99678 0
0.842892 0.537563 0.0236445 66.0501 -0.536701 0.836768 0.108497 52.4451 0.0385392 -0.104142 0.993815 0
0.841008 0.540319 0.0275915 66.7722 -0.539954 0.83505 0.105548 52.0364 0.0339893 -0.103665 0.994031 0
0.839088 0.543124 0.0307953 67.4883 -0.543259 0.833662 0.0993817 51.6308 0.0283037 -0.10012 0.994573 0
0.844618 0.534739 0.025959 68.2031 -0.532798 0.834827 0.138531 51.3328 0.0524065 -0.130836 0.990018 0
0.841119 0.540206 0.0263697 68.8975 -0.538477 0.831873 0.134277 50.8898 0.0506011 -0.127142 0.990593 0
0.837582 0.545555 0.0287464 69.5812 -0.544466 0.829273 0.125946 50.4463 0.0448718 -0.121141 0.991621 0
0.83356 0.551461 0.0327028 70.2544 -0.551084 0.825941 0.11886 50.0015 0.0385361 -0.117099 0.992372 0
0.824628 0.564894 0.0297259 70.9153 -0.559967 0.807732 0.184406 49.6712 0.0801593 -0.168712 0.9824 0
0.821168 0.56979 0.0319761 71.5673 -0.565862 0.805675 0.175182 49.1856 0.0740549 -0.161948 0.984017 0
0.818533 0.573312 0.0363009 72.2126 -0.571027 0.805118 0.160353 48.7145 0.0627057 -0.151983 0.986392 0
0.81646 0.576145 0.0380719 72.8537 -0.575037 0.805388 0.143814 48.2571 0.0521952 -0.139311 0.988872 0
0.815234 0.577829 0.0388286 73.4868 -0.577594 0.806357 0.12718 47.8089 0.0421783 -0.126108 0.991119 0
0.814706 0.578392 0.0414362 74.1048 -0.579069 0.80773 0.110683 47.3658 0.030549 -0.114169 0.992992 0
0.765568 0.642599 0.03119 74.6893 -0.630066 0.73907 0.23831 47.0239 0.130086 -0.202094 0.970688 0
0.771288 0.63562 0.0332108 75.2943 -0.62707 0.749898 0.210798 46.5372 0.109083 -0.183412 0.976965 0
0.779951 0.624829 0.0355748 75.8929 -0.620392 0.764426 0.175407 46.0657 0.0824052 -0.158879 0.983853 0
0.788606 0.613734 0.0378313 76.4835 -0.612163 0.777812 0.142354 45.6067 0.0579419 -0.13542 0.989093 0
0.796973 0.60259 0.0414745 77.06 -0.60302 0.78984 0.111897 45.1608 0.0346696 -0.114189 0.992854 0
0.804256 0.592448 0.0466583 77.6201 -0.594153 0.79996 0.0839374 44.7291 0.0124038 -0.0952294 0.995378 0
0.809697 0.584644 0.0508191 78.1697 -0.586825 0.807398 0.0611985 44.3121 -0.00525183 -0.0793741 0.996831 0
0.834943 0.54674 0.0628062 78.7139 -0.546966 0.837019 -0.0150701 43.9073 -0.0608094 -0.0217701 0.997912 0
0.852826 0.517038 0.0732061 79.2488 -0.512563 0.85563 -0.0719418 43.5074 -0.099834 0.0238311 0.994719 0
0.818267 0.574692 -0.0129858 79.4801 -0.57469 0.817333 -0.0412012 42.7397 -0.0130643 0.0411764 0.999066 0
0.80278 0.596237 -0.00669744 79.9542 -0.596116 0.802256 -0.0321124 42.3661 -0.0137735 0.0297716 0.999462 0
0.805311 0.592804 -0.00753123 80.4866 -0.592705 0.804765 -0.0324632 42.043 -0.0131835 0.0306068 0.999445 0
0.809225 0.587451 -0.00748653 81.0042 -0.58736 0.808691 -0.032039 41.7332 -0.012767 0.030324 0.999459 0
0.814812 0.579681 -0.00719186 81.5062 -0.579592 0.814296 -0.031549 41.4381 -0.0124321 0.0298749 0.999476 0
0.821929 0.569552 -0.00656543 81.9929 -0.56945 0.821416 -0.0316547 41.1593 -0.0126361 0.0297566 0.999477 0
0.830609 0.556822 -0.00610138 82.4654 -0.556725 0.830128 -0.0307213 40.8978 -0.0120413 0.0289142 0.999509 0
0.841055 0.540905 -0.00692175 82.9278 -0.540854 0.840599 -0.029499 40.6511 -0.0101377 0.0285539 0.999541 0
0.847634 0.530446 -0.0119841 83.3798 -0.530566 0.847223 -0.0266905 40.4138 -0.0040047 0.0289821 0.999572 0
0.861116 0.508243 -0.0129908 83.8388 -0.508407 0.860765 -0.0246033 40.1937 -0.00132245 0.0277909 0.999613 0
0.876185 0.4818 -0.0129536 84.2987 -0.481974 0.875859 -0.0239016 39.9861 -0.000170312 0.0271855 0.99963 0
0.892628 0.450663 -0.0109224 84.7602 -0.450794 0.892303 -0.024097 39.7929 -0.00111358 0.0264334 0.99965 0
0.909833 0.414906 -0.00755561 85.2238 -0.414958 0.909485 -0.025444 39.6169 -0.00368515 0.0262851 0.999648 0
0.927029 0.374981 -0.0026129 85.6907 -0.374916 0.926685 -0.0263146 39.4608 -0.00744615 0.025374 0.99965 0
0.943554 0.331205 0.00315837 86.1607 -0.331016 0.943264 -0.026122 39.3264 -0.0116309 0.023602 0.999654 0
0.959012 0.283251 0.00799209 86.6324 -0.282983 0.958805 -0.0247709 39.2149 -0.0146792 0.021494 0.999661 0
0.972948 0.230762 0.0110489 87.1047 -0.230465 0.972806 -0.0231347 39.1273 -0.016087 0.0199625 0.999671 0
0.984791 0.173373 0.0113503 87.5757 -0.173048 0.984593 -0.0251198 39.062 -0.0155305 0.0227736 0.99962 0
0.991361 0.131048 0.00554855 88.0419 -0.130859 0.99105 -0.0263724 39.0335 -0.00895494 0.0254185 0.999637 0
0.997846 0.0655884 0.00142651 88.5057 -0.0655199 0.997432 -0.0289281 39.0188 -0.00332019 0.0287723 0.999581 0
0.999995 -0.00233857 -0.00206518 88.9671 0.00227595 0.999553 -0.0298227 39.0349 0.002134 0.0298179 0.999553 0
0.997452 -0.0712239 -0.00417119 89.4248 0.071078 0.997068 -0.0283357 39.083 0.00617715 0.027967 0.99959 0
0.993337 -0.114824 -0.00982094 89.8702 0.114536 0.993076 -0.0260996 39.1732 0.0127498 0.0248008 0.999611 0
0.983082 -0.1829 -0.00983843 90.3152 0.182572 0.982806 -0.0275802 39.2728 0.0147137 0.0253174 0.999571 0
0.968233 -0.249978 -0.00591503 90.7532 0.249707 0.967878 -0.0292854 39.4006 0.0130457 0.0268781 0.999554 0
0.957846 -0.287255 -0.00385013 91.1708 0.287073 0.957577 -0.025202 39.567 0.0109262 0.0230344 0.999675 0
0.93652 -0.350601 0.00310399 91.5912 0.350573 0.936234 -0.0237487 39.7492 0.00542027 0.0233293 0.999713 0
0.924643 -0.380804 0.00497261 91.9876 0.380829 0.924465 -0.0182596 39.9654 0.00235632 0.0187773 0.999821 0
0.899838 -0.436078 0.0112996 92.3908 0.436209 0.899721 -0.0149393 40.2008 -0.00365176 0.0183719 0.999825 0
0.873917 -0.485844 0.0150057 92.7843 0.486012 0.873884 -0.0108989 40.463 -0.00781811 0.0168176 0.999828 0
0.848797 -0.528472 0.0161707 93.1676 0.528598 0.84886 -0.00458559 40.752 -0.0113033 0.0124401 0.999859 0
0.825507 -0.564205 0.0145592 93.5416 0.564266 0.825593 -0.000149978 41.0643 -0.0119353 0.00833907 0.999894 0
0.80369 -0.594926 0.0120686 93.9106 0.594945 0.803763 0.00237349 41.3915 -0.0111124 0.0052726 0.999924 0
0.785027 -0.619311 0.0136437 94.2772 0.619366 0.785103 0.000295493 41.7323 -0.0108947 0.00821848 0.999907 0
0.790771 -0.611973 0.0130316 94.6186 0.612024 0.790839 0.000146657 42.0802 -0.0103956 0.00785965 0.999915 0
0.78065 -0.624823 0.0134949 94.9816 0.624877 0.780723 0.000243679 42.4512 -0.010688 0.0082424 0.999909 0
0.771691 -0.635895 0.0114305 95.3431 0.635904 0.771761 0.0032862 42.8358 -0.0109113 0.00473275 0.999929 0
0.764734 -0.644293 0.00831546 95.706 0.644248 0.764779 0.0075855 43.2321 -0.0112468 -0.00044366 0.999937 0
0.760234 -0.649645 0.00246446 96.0718 0.649585 0.760207 0.011172 43.6385 -0.00913135 -0.00689249 0.999935 0
0.757545 -0.65278 -0.0020528 96.4448 0.65275 0.757471 0.0124419 44.0513 -0.00656689 -0.0107653 0.99992 0
0.756615 -0.653851 -0.00353193 96.8279 0.653843 0.756543 0.0114966 44.4697 -0.00484501 -0.0110078 0.999928 0
0.757444 -0.652878 -0.00538837 97.2198 0.6529 0.757413 0.00681737 44.8943 -0.000369692 -0.00868184 0.999962 0
0.758846 -0.65122 -0.00804706 97.621 0.651248 0.758865 0.00107633 45.3247 0.0054057 -0.00605739 0.999967 0
0.760419 -0.649342 -0.0108578 98.0303 0.649387 0.760457 0.000892779 45.7637 0.00767718 -0.00772981 0.999941 0
0.762543 -0.646826 -0.0119989 98.448 0.646916 0.762538 0.00599786 46.2129 0.00527008 -0.0123359 0.99991 0
0.764806 -0.644185 -0.00985598 98.8773 0.64426 0.76474 0.0101142 46.6658 0.00102186 -0.0140852 0.9999 0
0.766533 -0.64219 -0.00434573 99.3201 0.64219 0.766452 0.012013 47.1187 -0.00438385 -0.0119992 0.999918 0
0.767835 -0.640645 0.00192114 99.7733 0.640566 0.767781 0.0137407 47.5765 -0.0102779 -0.00931998 0.999904 0
0.768918 -0.639317 0.00624211 100.234 0.639188 0.768907 0.0148246 48.041 -0.0142772 -0.00740903 0.999871 0
0.769178 -0.638973 0.00887451 100.704 0.638882 0.769223 0.0111844 48.508 -0.013973 -0.00293304 0.999898 0
0.768229 -0.640116 0.00863748 101.183 0.640091 0.768277 0.00575711 48.9796 -0.0103212 0.00110599 0.999946 0
0.766878 -0.64178 0.0041939 101.666 0.641785 0.766885 0.000181883 49.46 -0.00333297 0.0025521 0.999991 0
0.764873 -0.644181 -0.000927304 102.157 0.644178 0.764873 -0.00201586 49.9498 0.00200785 0.000944529 0.999998 0
0.762169 -0.647376 -0.00144576 102.657 0.647373 0.76217 -0.00217262 50.4476 0.00250842 0.000719956 0.999997 0
0.759661 -0.65031 0.0034994 103.167 0.650313 0.759666 0.000522303 50.9546 -0.00299804 0.00187893 0.999994 0
0.757664 -0.652623 0.00525402 103.647 0.652565 0.757674 0.00944496 51.47 -0.0101448 -0.00372752 0.999942 0
0.757543 -0.652751 0.00667403 104.175 0.652646 0.757553 0.0129255 51.9952 -0.0134931 -0.00543583 0.999894 0
0.753124 -0.657872 0.00296747 104.705 0.657763 0.753069 0.0153385 52.531 -0.0123255 -0.0095999 0.999878 0
0.748447 -0.663156 -0.00719743 105.199 0.663164 0.748263 0.0177578 53.0748 -0.00639059 -0.0180638 0.999816 0
0.743458 -0.668704 -0.0102811 105.752 0.668779 0.743313 0.0148567 53.6234 -0.00229269 -0.0179211 0.999837 0
0.74132 -0.671092 -0.00895942 106.311 0.67115 0.741219 0.012351 54.1814 -0.00164777 -0.0151691 0.999884 0
0.735388 -0.677627 -0.00510859 106.876 0.677633 0.735306 0.011807 54.7477 -0.00424434 -0.0121445 0.999917 0
0.734243 -0.678876 -0.00382561 107.445 0.678863 0.734157 0.0126061 55.3233 -0.00574936 -0.011853 0.999913 0
0.729939 -0.683506 0.00295319 108.017 0.68343 0.729911 0.0123636 55.9071 -0.0106061 -0.00700634 0.999919 0
0.728055 -0.685486 0.00674057 108.593 0.685402 0.728077 0.0112583 56.4961 -0.0126251 -0.00357669 0.999914 0
0.726153 -0.68745 0.0106803 109.172 0.687355 0.726231 0.01146 57.0907 -0.0156345 -0.000980568 0.999877 0
0.718151 -0.695887 -6.06575e-05 109.708 0.695811 0.718071 0.0148734 57.695 -0.0103066 -0.0107235 0.999889 0
0.717544 -0.696509 -0.00243031 110.297 0.696425 0.717392 0.0184962 58.3018 -0.0111393 -0.0149644 0.999826 0
0.716228 -0.697826 -0.00750719 110.888 0.697809 0.71599 0.0205076 58.9117 -0.00893568 -0.0199267 0.999762 0
0.715671 -0.698321 -0.0127299 111.48 0.69838 0.715259 0.0258947 59.5275 -0.00897767 -0.0274224 0.999584 0
0.716228 -0.697715 -0.0145267 112.074 0.69777 0.715626 0.0315723 60.1477 -0.0116327 -0.0327492 0.999396 0
0.71654 -0.697397 -0.0144037 112.673 0.697416 0.715856 0.0340722 60.7662 -0.0134509 -0.0344595 0.999316 0
0.716633 -0.697281 -0.0153831 113.274 0.697338 0.715946 0.0337802 61.3831 -0.0125409 -0.0349352 0.999311 0
0.716406 -0.697586 -0.0116698 113.878 0.697574 0.715897 0.0296787 61.9964 -0.0123491 -0.0294026 0.999491 0
0.715192 -0.698897 -0.00659106 114.486 0.698795 0.714839 0.0263016 62.6062 -0.0136705 -0.0234165 0.999632 0
0.713977 -0.700165 -0.00227375 115.092 0.700004 0.713735 0.024028 63.2155 -0.0152007 -0.0187471 0.999709 0
0.713537 -0.700617 -0.000492752 115.695 0.700443 0.713343 0.0228581 63.8272 -0.0156633 -0.0166553 0.999739 0
0.712737 -0.701431 0.000586653 116.295 0.701155 0.712481 0.0274296 64.4414 -0.0196579 -0.0191388 0.999624 0
0.712663 -0.701402 -0.0121042 116.833 0.701418 0.712192 0.0282137 65.0438 -0.0111686 -0.0285969 0.999529 0
0.712563 -0.70148 -0.0134081 117.445 0.701454 0.711876 0.0345819 65.6571 -0.0147136 -0.0340469 0.999312 0
0.712212 -0.701726 -0.018292 118.052 0.701916 0.711617 0.0302413 66.264 -0.00820419 -0.0343777 0.999375 0
0.708806 -0.705101 -0.020674 118.66 0.705396 0.708631 0.0160887 66.8632 0.00330608 -0.0259871 0.999657 0
0.706582 -0.707477 -0.0147822 119.266 0.707608 0.706575 0.00658075 67.4653 0.00578904 -0.0151099 0.999869 0
0.703159 -0.711027 -0.00270459 119.87 0.710995 0.703078 0.0129231 68.0721 -0.00728715 -0.01101 0.999913 0
0.70011 -0.713911 0.013321 120.471 0.713403 0.700153 0.0290132 68.6787 -0.0300396 -0.0108092 0.99949 0
0.698154 -0.715763 0.0162675 121.065 0.714819 0.698148 0.0402864 69.2838 -0.0401927 -0.0164978 0.999056 0
0.695241 -0.718722 0.00882803 121.648 0.718048 0.695037 0.0364954 69.8858 -0.0323658 -0.0190341 0.999295 0
0.691885 -0.722005 0.0020307 122.228 0.721737 0.6917 0.0254451 70.4865 -0.0197761 -0.0161395 0.999674 0
0.688595 -0.725144 0.00147274 122.808 0.724974 0.688475 0.0203462 71.0862 -0.0157679 -0.0129426 0.999792 0
0.684953 -0.728571 0.00477585 123.388 0.72833 0.684871 0.0220451 71.685 -0.0193323 -0.0116215 0.999746 0
0.680291 -0.732894 0.00835354 123.963 0.73266 0.680301 0.0199912 72.2855 -0.0203344 -0.00747953 0.999765 0
0.675255 -0.737536 0.00846505 124.533 0.737288 0.675264 0.0206006 72.8849 -0.0209098 -0.00766949 0.999752 0
0.670044 -0.74228 0.00778977 125.097 0.741998 0.670025 0.0224955 73.4867 -0.0219173 -0.009293 0.999717 0
0.665742 -0.746163 0.00531115 125.653 0.745846 0.665639 0.0252866 74.0938 -0.0224032 -0.012873 0.999666 0
0.662289 -0.749237 0.00405399 126.207 0.748851 0.662105 0.0289568 74.7016 -0.0243797 -0.0161419 0.999572 0
0.659043 -0.752077 0.00654492 126.762 0.751551 0.658866 0.0326616 75.308 -0.0288763 -0.0166065 0.999445 0
0.658346 -0.752616 0.0122637 127.316 0.751977 0.658334 0.0335604 75.9135 -0.0333317 -0.0128723 0.999361 0
0.659338 -0.751714 0.0141589 127.867 0.751092 0.659402 0.0323993 76.5165 -0.0336914 -0.0107274 0.999375 0
0.662051 -0.7494 0.00934561 128.417 0.748887 0.661982 0.0307792 77.1178 -0.0292526 -0.0133786 0.999483 0
0.668144 -0.744029 -0.00217091 128.98 0.743799 0.66786 0.0269418 77.7216 -0.0185956 -0.0196158 0.999635 0
0.679101 -0.733436 -0.029903 129.571 0.734042 0.678656 0.0246625 78.3362 0.00220546 -0.0386984 0.999249 0
0.631283 -0.77415 0.0466283 130.182 0.773849 0.63274 0.0282652 78.9593 -0.0513851 0.01824 0.998512 0
0.650128 -0.759802 0.00593435 130.78 0.75938 0.649995 0.0291361 79.5802 -0.025995 -0.0144358 0.999558 0
0.6683 -0.74343 -0.0262226 131.339 0.743841 0.667428 0.0352087 80.1982 -0.0086735 -0.0430354 0.999036 0
0.682065 -0.729576 -0.0500619 131.865 0.731255 0.681114 0.036743 80.8179 0.00729098 -0.0616691 0.99807 0
0.688034 -0.722767 -0.0649362 132.375 0.725346 0.687666 0.031427 81.4385 0.02194 -0.0687241 0.997394 0
0.687567 -0.722665 -0.0707536 132.879 0.725436 0.687881 0.0237157 82.0638 0.0315315 -0.0676333 0.997212 0
0.684191 -0.725905 -0.07032 133.398 0.728483 0.684809 0.0186912 82.7004 0.0345877 -0.0640152 0.997349 0
0.691114 -0.718654 -0.076794 133.892 0.721336 0.692495 0.0112101 83.3316 0.0451233 -0.0631417 0.996984 0
0.683931 -0.725339 -0.0782406 134.426 0.728338 0.685031 0.0160172 83.9779 0.0419794 -0.0679403 0.996806 0
0.67367 -0.734876 -0.0782677 134.94 0.738032 0.674484 0.0195108 84.6212 0.0384523 -0.0709079 0.996741 0
0.664713 -0.742974 -0.0783914 135.446 0.746026 0.665715 0.0163844 85.2695 0.0400131 -0.069373 0.996788 0
0.658225 -0.748301 -0.0823729 135.952 0.751529 0.659557 0.0136991 85.9313 0.0440786 -0.0709227 0.996507 0
0.653538 -0.752171 -0.0844167 136.443 0.755601 0.654867 0.0147137 86.6013 0.0442144 -0.0734013 0.996322 0
0.649837 -0.755329 -0.0847862 136.912 0.759127 0.650541 0.0228407 87.2693 0.0379046 -0.0792063 0.996137 0
0.6454 -0.759664 -0.0798115 137.367 0.76332 0.645299 0.0305199 87.9331 0.0283175 -0.0806193 0.996343 0
0.640444 -0.764557 -0.0726915 137.823 0.767706 0.639961 0.0328242 88.6041 0.0214238 -0.0768278 0.996814 0
0.635799 -0.768266 -0.0743407 138.295 0.771476 0.635549 0.0300369 89.2901 0.0241708 -0.0764495 0.99678 0
0.629036 -0.772772 -0.0844769 138.776 0.776613 0.62951 0.0242718 89.9815 0.0344224 -0.0808738 0.99613 0
0.674074 -0.732328 -0.0965403 139.169 0.736996 0.67556 0.0213254 90.6337 0.0496016 -0.0855248 0.995101 0
0.667672 -0.738612 -0.0930983 139.623 0.742851 0.669209 0.0182051 91.3142 0.0488558 -0.0813132 0.99549 0
0.661491 -0.745216 -0.0841594 140.084 0.748828 0.662472 0.0197065 91.9976 0.0410677 -0.0760566 0.996257 0
0.653053 -0.752821 -0.082358 140.561 0.756606 0.653269 0.0280431 92.6928 0.0326905 -0.0806262 0.996208 0
0.646495 -0.758817 -0.0789974 141.034 0.76271 0.645261 0.0437227 93.3851 0.0177964 -0.0885187 0.995916 0
0.633738 -0.770957 -0.0632613 141.498 0.773524 0.632244 0.0439234 94.0591 0.00613349 -0.07677 0.99703 0
0.622209 -0.781036 -0.0532793 141.968 0.782851 0.620785 0.042072 94.7329 0.00021523 -0.0678874 0.997693 0
0.610323 -0.79072 -0.0476225 142.449 0.79214 0.609553 0.0309784 95.4338 0.0045332 -0.0566305 0.998385 0
0.598122 -0.800074 -0.0461726 142.93 0.801264 0.598105 0.0157204 96.16 0.0150386 -0.0463992 0.99881 0
0.584846 -0.809848 -0.045847 143.4 0.811018 0.584818 0.0154333 96.8838 0.0143135 -0.0462088 0.998829 0
0.573724 -0.818233 -0.0365587 143.856 0.819024 0.573485 0.0177602 97.5949 0.00643383 -0.0401319 0.999174 0
0.567233 -0.823092 -0.0276692 144.298 0.823556 0.566862 0.0205576 98.3017 -0.00123612 -0.0344481 0.999406 0
0.560739 -0.827888 -0.0131807 144.723 0.827935 0.56044 0.0207701 99.0058 -0.0098083 -0.0225594 0.999697 0
0.552823 -0.833297 0.00185228 145.14 0.833158 0.552769 0.0171366 99.706 -0.0153037 -0.00793024 0.999851 0
0.54436 -0.838851 -0.000824327 145.573 0.838741 0.544272 0.0167514 100.407 -0.0136032 -0.00981017 0.999859 0
0.535275 -0.844639 -0.00803765 146.029 0.844664 0.535187 0.0108753 101.121 -0.00488407 -0.0126104 0.999909 0
0.528219 -0.849103 -0.00296646 146.475 0.849108 0.528211 0.00299099 101.859 -0.000972742 -0.00409874 0.999991 0
0.521242 -0.853406 -0.00227648 146.898 0.853376 0.521197 0.0101575 102.615 -0.00748194 -0.00723718 0.999946 0
0.516223 -0.856423 -0.00734392 147.304 0.856295 0.515943 0.0236982 103.376 -0.0165067 -0.0185221 0.999692 0
0.510691 -0.859728 -0.00789694 147.697 0.859487 0.510271 0.0300777 104.126 -0.0218291 -0.0221477 0.999516 0
0.507288 -0.861776 -0.00105894 148.078 0.861555 0.50713 0.0232722 104.862 -0.0195184 -0.012718 0.999729 0
0.504831 -0.863218 -0.000151952 148.454 0.863092 0.504755 0.0171824 105.595 -0.0147554 -0.00880535 0.999852 0
0.502283 -0.864673 -0.00724999 148.839 0.864651 0.502142 0.0152562 106.339 -0.00955114 -0.0139317 0.999857 0
0.500713 -0.865587 -0.00667557 149.241 0.865589 0.500627 0.011297 107.088 -0.0064366 -0.0114349 0.999914 0
0.497642 -0.867373 -0.00420078 149.653 0.867341 0.497564 0.0122197 107.842 -0.00850891 -0.00972456 0.999916 0
0.49731 -0.867533 -0.00830532 150.056 0.867476 0.497088 0.0197367 108.594 -0.0129937 -0.0170199 0.999771 0
0.496028 -0.868287 -0.00590419 150.451 0.868106 0.495755 0.0248628 109.337 -0.018661 -0.0174581 0.999673 0
0.49374 -0.869604 0.00328452 150.843 0.869425 0.493709 0.0187304 110.074 -0.0179097 -0.00639232 0.999819 0
0.519763 -0.853297 -0.0416029 151.189 0.8537 0.520616 -0.0124662 110.756 0.0322965 -0.0290369 0.999056 0
0.545673 -0.834136 -0.0803663 151.554 0.833814 0.550017 -0.0472789 111.448 0.0836399 -0.0412117 0.995643 0
0.537218 -0.841615 -0.0555145 151.979 0.839919 0.539824 -0.0559081 112.231 0.0770211 -0.0165929 0.996891 0
0.527543 -0.848425 -0.0432927 152.4 0.847001 0.529218 -0.050168 113.038 0.0654751 -0.0102032 0.997802 0
0.54097 -0.837772 -0.0740913 152.798 0.835148 0.545502 -0.070395 113.803 0.0993919 -0.0237956 0.994764 0
0.530247 -0.846268 -0.0516612 153.204 0.843368 0.53272 -0.0702819 114.609 0.0869983 -0.00630269 0.996189 0
0.518571 -0.854645 -0.0258072 153.589 0.851809 0.518998 -0.0711515 115.384 0.0742032 0.0149143 0.997132 0
0.510835 -0.859633 -0.00893642 153.963 0.857646 0.510313 -0.0634302 116.133 0.0590871 0.0247381 0.997946 0
0.479143 -0.876412 0.0482016 154.36 0.8773 0.47645 -0.0577902 116.853 0.0276824 0.0699771 0.997164 0
0.480882 -0.875901 0.0393796 154.746 0.876303 0.478642 -0.0547189 117.617 0.0290796 0.0608218 0.997725 0
0.485599 -0.873745 0.0276369 155.133 0.873528 0.483769 -0.0540063 118.38 0.0338178 0.0503669 0.998158 0
0.490077 -0.871477 0.0187555 155.543 0.869992 0.487678 -0.0726876 119.131 0.0541989 0.0519397 0.997178 0
0.489514 -0.871736 0.0212439 155.91 0.870402 0.487003 -0.0723155 119.876 0.0526942 0.0538902 0.997156 0
0.487929 -0.87258 0.0230193 156.272 0.871353 0.485343 -0.072008 120.611 0.0516605 0.0551927 0.997138 0
0.495286 -0.868717 -0.00464493 156.639 0.864692 0.493492 -0.0936675 121.343 0.0836628 0.0423758 0.995593 0
0.489146 -0.872199 0.00213909 157.001 0.869668 0.487536 -0.0773692 122.054 0.0664385 0.0397051 0.997 0
0.480654 -0.876766 0.0158861 157.344 0.87641 0.47969 -0.0424552 122.728 0.0296029 0.034329 0.998972 0
0.477852 -0.878267 0.0174632 157.683 0.878312 0.477348 -0.0265885 123.395 0.0150157 0.0280435 0.999494 0
0.474681 -0.879887 0.0218474 158.02 0.88015 0.474431 -0.015835 124.061 0.00356795 0.0267456 0.999636 0
0.475681 -0.879405 0.0193584 158.35 0.87959 0.475376 -0.0184293 124.717 0.00700428 0.0257939 0.999643 0
0.47692 -0.878749 0.0186714 158.665 0.878906 0.476586 -0.0197452 125.349 0.00845258 0.0258273 0.999631 0
0.479935 -0.877145 0.0167343 158.977 0.87727 0.479659 -0.0180372 125.962 0.00779448 0.0233372 0.999697 0
0.483528 -0.875224 0.0135063 159.293 0.875268 0.483256 -0.0191934 126.572 0.0102715 0.0211022 0.999725 0
0.487716 -0.8729 0.0133796 159.605 0.872918 0.487398 -0.0213951 127.179 0.0121546 0.022114 0.999682 0
0.549671 -0.834053 0.0470991 159.795 0.833712 0.551262 0.0321567 127.736 -0.0527843 0.0215915 0.998372 0
0.460417 -0.886866 0.0385358 160.039 0.886806 0.461469 0.0249252 128.333 -0.0398884 0.0226979 0.998946 0
0.463829 -0.885195 0.0359527 160.361 0.885116 0.464758 0.0238736 128.923 -0.037842 0.020749 0.999068 0
0.467542 -0.883344 0.0332826 160.685 0.883252 0.468348 0.0226939 129.51 -0.0356343 0.0187866 0.999188 0
0.471598 -0.881288 0.030435 161.011 0.88119 0.472282 0.0212994 130.094 -0.0331449 0.0167743 0.99931 0
0.476282 -0.878875 0.0270724 161.339 0.878772 0.476834 0.0197256 130.675 -0.0302454 0.0143955 0.999439 0
0.481585 -0.876096 0.0230509 161.669 0.87599 0.481997 0.0178934 131.253 -0.0267868 0.0115752 0.999574 0
0.487452 -0.872905 0.0206917 162 0.872793 0.487793 0.0170247 131.828 -0.0249543 0.00976086 0.999641 0
0.492983 -0.869721 0.0235422 162.338 0.869582 0.49342 0.019077 132.397 -0.0282078 0.0110672 0.999541 0
0.49816 -0.866536 0.0308385 162.682 0.866387 0.498871 0.0223938 132.958 -0.0347895 0.0155624 0.999273 0
0.503316 -0.863249 0.0384012 163.028 0.863218 0.504315 0.0228498 133.513 -0.0390914 0.0216479 0.999001 0
0.541045 -0.840919 0.0112246 163.222 0.840627 0.541155 0.022315 134.092 -0.0248394 -0.00263774 0.999688 0
0.542728 -0.839844 0.0103868 163.583 0.839514 0.54281 0.0239323 134.634 -0.0257375 -0.00426879 0.99966 0
0.543048 -0.839643 0.00996582 163.945 0.839274 0.543112 0.0254797 135.179 -0.0268064 -0.00547265 0.999626 0
0.535292 -0.843341 -0.0473115 163.928 0.844659 0.534697 0.0255093 135.725 0.00378427 -0.053617 0.998554 0
0.533982 -0.844378 -0.0434739 164.337 0.845496 0.533218 0.0285721 136.272 -0.000944541 -0.052014 0.998646 0
0.532692 -0.845078 -0.0456357 164.738 0.846308 0.531846 0.0300483 136.824 -0.00112195 -0.0546284 0.998506 0
0.530714 -0.845897 -0.0529203 165.129 0.847542 0.52996 0.028549 137.379 0.00389616 -0.0600035 0.998191 0
0.527959 -0.847297 -0.057843 165.519 0.849193 0.527599 0.0225903 137.934 0.0113771 -0.0610467 0.99807 0
0.524181 -0.849702 -0.0569226 165.909 0.851434 0.524251 0.0149058 138.49 0.0171762 -0.0562792 0.998267 0
0.519851 -0.852706 -0.0514523 166.297 0.8541 0.519968 0.0121486 139.051 0.0163943 -0.0502609 0.998602 0
0.515473 -0.855417 -0.0504818 166.674 0.856871 0.515084 0.0214357 139.622 0.00766593 -0.054306 0.998495 0
0.511448 -0.858206 -0.0436328 167.046 0.85929 0.51039 0.0335157 140.2 -0.00649361 -0.0546347 0.998485 0
0.50699 -0.861398 -0.0308815 167.42 0.861695 0.50564 0.0425504 140.779 -0.0210379 -0.0481831 0.998617 0
0.502483 -0.864318 -0.0215794 167.789 0.864158 0.501291 0.0440382 141.361 -0.0272454 -0.0407764 0.998797 0
0.498882 -0.866384 -0.0222605 168.147 0.866297 0.49775 0.0421214 141.948 -0.0254132 -0.0402978 0.998864 0
0.428054 -0.884316 -0.186426 167.793 0.887419 0.450319 -0.09849 142.4 0.171047 -0.123279 0.97752 0
0.419046 -0.891306 -0.173132 168.299 0.892063 0.439684 -0.104416 143.024 0.16919 -0.110689 0.979348 0
0.412551 -0.897744 -0.15446 168.784 0.896667 0.430101 -0.104884 143.649 0.160592 -0.0952291 0.982416 0
0.406941 -0.903747 -0.132816 169.248 0.901561 0.420761 -0.100736 144.274 0.146923 -0.0787479 0.986008 0
0.400503 -0.909204 -0.113779 169.691 0.906384 0.411319 -0.0963563 144.898 0.134407 -0.0645365 0.988822 0
0.394075 -0.91381 -0.0982703 170.114 0.910694 0.402651 -0.0922432 145.521 0.123861 -0.0531434 0.990875 0
0.386994 -0.918265 -0.0838208 170.52 0.914344 0.39391 -0.0938671 146.141 0.119213 -0.0403151 0.99205 0
0.379763 -0.922701 -0.0663578 170.913 0.918086 0.384726 -0.0954139 146.757 0.113568 -0.0246876 0.993223 0
0.372855 -0.926643 -0.0480823 171.29 0.922026 0.375817 -0.0928923 147.372 0.104148 -0.00969788 0.994515 0
0.365979 -0.930028 -0.0332606 171.65 0.926059 0.367487 -0.0858351 147.986 0.0920519 0.000612604 0.995754 0
0.359055 -0.933144 -0.0179072 171.997 0.929917 0.359318 -0.0783894 148.599 0.079583 0.011494 0.996762 0
0.350723 -0.936477 -0.00217259 172.334 0.933946 0.349943 -0.072697 149.208 0.0688393 0.0234674 0.997352 0
