0.477284 -0.878556 0.0184031 0.681433 0.878745 0.477243 -0.00686302 0.552625 -0.00275319 0.0194472 0.999807 0
0.471851 -0.881493 0.0180706 1.07323 0.881529 0.471295 -0.0280488 1.30087 0.0162082 0.0291646 0.999443 0
0.470488 -0.882273 0.015323 1.49918 0.88224 0.469991 -0.0276024 2.0996 0.0171512 0.0265051 0.999502 0
0.469343 -0.882882 0.015367 1.92707 0.882872 0.468881 -0.0262366 2.9041 0.0159586 0.025881 0.999538 0
0.467983 -0.883581 0.0166173 2.35789 0.883628 0.467546 -0.0245352 3.71283 0.0139095 0.0261656 0.999561 0
0.462253 -0.886698 0.0093739 2.78907 0.886724 0.462137 -0.0122499 4.54235 0.00652994 0.0139746 0.999881 0
0.470617 -0.882195 0.0158864 3.24153 0.882338 0.470541 -0.00843446 5.36381 -3.43557e-05 0.0179865 0.999838 0
0.469897 -0.882554 0.0171858 3.67 0.882721 0.469797 -0.00970243 6.17856 0.000489095 0.0197294 0.999805 0
0.416883 -0.90843 0.0310404 4.11546 0.908908 0.416982 -0.00355175 7.0173 -0.00971676 0.0296935 0.999512 0
0.416758 -0.908476 0.0313579 4.54086 0.908941 0.416922 -0.00141599 7.84007 -0.0117874 0.0290926 0.999507 0
0.596708 -0.802269 0.0174664 4.97204 0.802243 0.596911 0.0101827 8.68681 -0.0185951 0.00793622 0.999796 0
0.59667 -0.802232 0.0202026 5.40339 0.802201 0.59694 0.0116549 9.51906 -0.0214097 0.00925237 0.999728 0
0.750597 -0.660664 0.0112814 5.84998 0.660543 0.750678 0.0128683 10.3755 -0.0169704 -0.00220709 0.999854 0
0.753577 -0.657247 0.0121412 6.28662 0.657158 0.753675 0.0108191 11.2201 -0.0162614 -0.000174365 0.999868 0
0.756424 -0.654001 0.010288 6.72674 0.65396 0.756493 0.00742154 12.07 -0.0126365 0.00111411 0.99992 0
0.759275 -0.650759 0.00374727 7.17044 0.650766 0.759277 -0.0010764 12.9238 -0.00214474 0.00325588 0.999992 0
0.762012 -0.647546 0.00466691 7.61844 0.647563 0.761997 -0.00491201 13.7812 -0.000375421 0.00676513 0.999977 0
0.764291 -0.644802 0.0094693 8.07145 0.644865 0.764268 -0.00658859 14.6421 -0.00298875 0.011142 0.999933 0
-0.0746364 -0.99613 0.0464145 8.51741 0.997204 -0.0747303 -0.00028814 15.5015 0.00375559 0.0462632 0.998922 0
-0.059253 -0.996926 0.0512659 8.98569 0.998242 -0.0592578 0.0014282 16.3741 0.0016141 0.0512604 0.998684 0
0.796448 -0.604143 0.0261181 9.43171 0.604695 0.795413 -0.0407794 17.2505 0.00386188 0.0482721 0.998827 0
0.783188 -0.621265 0.0254321 9.88859 0.621754 0.782082 -0.0420752 18.1284 0.00624983 0.0487653 0.998791 0
0.647798 -0.761497 0.0219251 10.3435 0.761487 0.646412 -0.047833 19.0305 0.0222521 0.0476818 0.998615 0
0.647173 -0.761966 0.0239892 10.8089 0.762098 0.645845 -0.0457342 19.9194 0.0193545 0.0478801 0.998666 0
0.646747 -0.76226 0.0260387 11.2745 0.762576 0.645632 -0.0404757 20.8118 0.0140416 0.046034 0.998841 0
0.407561 -0.912505 0.0350489 11.7448 0.913082 0.406663 -0.0300885 21.7056 0.0132029 0.0442654 0.998933 0
0.529643 -0.84805 0.0169816 12.19 0.847758 0.528587 -0.0436194 22.6118 0.0280151 0.037499 0.998904 0
0.382604 -0.923558 0.0256076 12.6552 0.923337 0.381241 -0.0458625 23.4937 0.032594 0.0411916 0.998619 0
0.381984 -0.923825 0.0252002 13.1221 0.923853 0.380998 -0.0365601 24.3944 0.024174 0.0372466 0.999014 0
0.382162 -0.923741 0.0255746 13.5847 0.92395 0.381464 -0.0283047 25.2899 0.0163905 0.0344466 0.999272 0
0.518314 -0.855185 0.00318458 14.0135 0.854351 0.517636 -0.0462412 26.1644 0.0378963 0.0266882 0.998925 0
0.515729 -0.856737 0.00496436 14.4857 0.856074 0.515082 -0.0427566 27.058 0.0340741 0.0263007 0.999073 0
0.512984 -0.858356 0.0084692 14.9533 0.857977 0.512398 -0.0363859 27.9447 0.0268924 0.0259317 0.999302 0
0.509419 -0.860393 0.0147161 15.4194 0.860326 0.50887 -0.02983 28.8244 0.018177 0.0278566 0.999447 0
0.512237 -0.858616 -0.0197927 15.8325 0.856599 0.512428 -0.0604582 29.6729 0.0620527 0.0140146 0.997974 0
0.507364 -0.861614 -0.0142891 16.3084 0.860102 0.507354 -0.0530671 30.5589 0.052973 0.0146343 0.998489 0
0.501391 -0.865164 -0.00993876 16.7738 0.864081 0.501287 -0.0455622 31.4371 0.0444009 0.0142566 0.998912 0
0.49552 -0.868588 -0.00391406 17.2323 0.867867 0.495284 -0.03874 32.3074 0.0355876 0.0157996 0.999242 0
0.52236 -0.850067 -0.0672754 17.623 0.846995 0.526363 -0.0744392 33.139 0.0986896 -0.0180979 0.994954 0
0.516227 -0.85487 -0.0520316 18.104 0.852594 0.518712 -0.0634146 34.0157 0.0812007 -0.0116255 0.99663 0
0.507451 -0.860981 -0.0347191 18.5728 0.859587 0.508614 -0.0492227 34.8826 0.0600385 -0.00486598 0.998184 0
0.498281 -0.866839 -0.0175092 19.0305 0.866045 0.498577 -0.0372502 35.7413 0.0410196 0.00339734 0.999153 0
0.488511 -0.872557 -0.000501121 19.4799 0.872239 0.488349 -0.0267387 36.5926 0.0235758 0.0126251 0.999642 0
0.478056 -0.878198 0.0151578 19.9216 0.87831 0.477862 -0.014813 37.439 0.00576537 0.0203947 0.999775 0
0.46702 -0.883658 0.0322523 20.3574 0.884131 0.467238 -0.000869676 38.2829 -0.014301 0.0289214 0.999479 0
0.455574 -0.888723 0.0512267 20.7899 0.889457 0.456788 0.0145337 39.1254 -0.0363162 0.0389427 0.998581 0
0.519723 -0.848158 -0.102547 21.1415 0.849106 0.526067 -0.0476648 39.9514 0.094374 -0.062301 0.993585 0
0.553752 -0.798092 -0.237504 21.55 0.805317 0.585828 -0.0909394 40.8069 0.211714 -0.140908 0.96712 0
0.537395 -0.821956 -0.188666 22.0515 0.827006 0.55744 -0.0729509 41.667 0.165132 -0.116824 0.979328 0
0.509361 -0.849663 -0.13647 22.5188 0.851547 0.520535 -0.062539 42.5135 0.124175 -0.0843559 0.988668 0
0.475996 -0.874376 -0.0943107 22.9557 0.87411 0.482176 -0.058632 43.3476 0.0967407 -0.0545293 0.993815 0
0.44143 -0.895826 -0.0513398 23.3673 0.894622 0.443807 -0.0518293 44.1672 0.069215 -0.0230507 0.997335 0
0.404944 -0.914307 -0.00797634 23.7603 0.913333 0.404892 -0.0434085 44.9684 0.0429182 0.010293 0.999026 0
0.369358 -0.928743 0.031791 24.1401 0.929041 0.368257 -0.0356289 45.752 0.0213829 0.042695 0.998859 0
0.342625 -0.937358 0.062988 24.5125 0.939458 0.341479 -0.0284702 46.5195 0.00517775 0.0689292 0.997608 0
0.296658 -0.947571 0.118756 24.8826 0.954278 0.298918 0.00128488 47.2722 -0.0367159 0.112945 0.992923 0
0.329595 -0.940392 0.0838386 25.2519 0.944033 0.329482 -0.01559 48.0148 -0.0129625 0.0842848 0.996357 0
0.441158 -0.897158 0.0220653 25.5823 0.897225 0.441449 0.0104752 48.8803 -0.0191387 0.0151763 0.999702 0
0.439744 -0.89785 0.0221437 25.9448 0.897887 0.44006 0.0120732 49.5951 -0.0205845 0.0145734 0.999682 0
0.437948 -0.898726 0.0221861 26.2983 0.898697 0.438308 0.0151593 50.3004 -0.0233484 0.0132996 0.999639 0
0.435747 -0.899776 0.0229728 26.6438 0.899692 0.436161 0.0178123 50.9935 -0.0260469 0.0129068 0.999577 0
0.426148 -0.904218 0.0280581 26.9169 0.904521 0.426411 0.00386812 51.778 -0.0154619 0.0237308 0.999599 0
0.425084 -0.904846 0.0236115 27.2373 0.905095 0.42521 0.000339934 52.4438 -0.0103474 0.0212262 0.999721 0
0.423964 -0.905429 0.021277 27.5507 0.905672 0.423933 -0.00618308 53.091 -0.00342169 0.0218914 0.999754 0
0.402929 -0.915207 0.00674152 27.8324 0.914986 0.40298 0.0201819 53.8004 -0.0211873 -0.00196346 0.999774 0
0.401876 -0.915674 0.00602954 28.1282 0.915471 0.401915 0.0194405 54.3962 -0.0202245 -0.00229279 0.999793 0
0.400714 -0.916176 0.00707453 28.415 0.915946 0.400773 0.0205941 54.9742 -0.0217031 -0.00177246 0.999763 0
0.399472 -0.916705 0.00858418 28.6947 0.916525 0.399563 0.0181741 55.5337 -0.0200902 0.000607573 0.999798 0
0.398751 -0.916968 0.0129287 28.9682 0.916952 0.39888 0.00971005 56.0755 -0.0140608 0.00798306 0.999869 0
0.398887 -0.916843 0.0169747 29.2363 0.91697 0.398956 0.000782148 56.6012 -0.00748926 0.0152533 0.999856 0
0.400471 -0.91612 0.0186292 29.4955 0.916307 0.400437 -0.00567523 57.1133 -0.00226066 0.0193429 0.99981 0
0.403233 -0.914947 0.016582 29.7449 0.915096 0.403196 -0.00564516 57.6132 -0.00152079 0.0174505 0.999847 0
0.406976 -0.913278 0.017137 29.9907 0.913436 0.406947 -0.00527318 58.0985 -0.00215796 0.0177996 0.999839 0
0.410993 -0.911368 0.0222072 30.2394 0.911632 0.410963 -0.0060989 58.567 -0.00356798 0.0227513 0.999735 0
0.416641 -0.908606 0.0290821 30.4873 0.909051 0.416629 -0.00676588 59.0212 -0.00596892 0.0292561 0.999554 0
0.424437 -0.904893 0.0319629 30.7312 0.905434 0.424417 -0.00774178 59.4629 -0.00656013 0.0322262 0.999459 0
0.435243 -0.899838 0.0292347 30.9694 0.9003 0.435181 -0.00876761 59.893 -0.00483296 0.030136 0.999534 0
0.449222 -0.893058 0.0254232 31.2073 0.893413 0.449148 -0.00885383 60.3097 -0.00351182 0.0266908 0.999638 0
0.465954 -0.884467 0.0245805 31.4518 0.884805 0.465853 -0.0100554 60.7089 -0.0025572 0.0264344 0.999647 0
0.485939 -0.873551 0.0277774 31.7037 0.873991 0.485755 -0.0134763 61.0895 -0.00172081 0.0308258 0.999523 0
0.508905 -0.860268 0.0309063 31.9621 0.86082 0.508668 -0.0156903 61.4531 -0.00222317 0.0345897 0.999399 0
0.534394 -0.844582 0.033226 32.2281 0.845231 0.534104 -0.0177952 61.8028 -0.00271659 0.0375933 0.999289 0
0.562634 -0.825988 0.0344523 32.5043 0.826698 0.562321 -0.0191146 62.1384 -0.00358478 0.0392362 0.999224 0
0.593736 -0.803894 0.0350923 32.7919 0.804654 0.593342 -0.0218683 62.459 -0.00324191 0.0412211 0.999145 0
0.627195 -0.77806 0.0353438 33.092 0.778855 0.626744 -0.0240162 62.762 -0.00346544 0.0425905 0.999087 0
0.662449 -0.74831 0.0345585 33.4052 0.749102 0.661919 -0.0266341 63.0443 -0.00294438 0.0435316 0.999048 0
0.699659 -0.713741 0.032415 33.7306 0.714476 0.699018 -0.0299654 63.3042 -0.00127115 0.0441252 0.999025 0
0.737971 -0.674144 0.0304707 34.0693 0.674832 0.737191 -0.0339401 63.5394 0.000417748 0.0456094 0.998959 0
0.776218 -0.629804 0.028851 34.4215 0.630463 0.7753 -0.0377602 63.7479 0.00141335 0.0474997 0.99887 0
0.813455 -0.581023 0.0265047 34.7861 0.581622 0.812408 -0.0413485 63.9279 0.00249178 0.0490509 0.998793 0
0.849179 -0.527536 0.0245044 35.1609 0.528092 0.847922 -0.0463359 64.0765 0.00366608 0.052288 0.998625 0
0.888483 -0.458763 0.0116071 35.5451 0.458779 0.88734 -0.046364 64.1926 0.0109707 0.0465187 0.998857 0
0.932093 -0.361321 -0.0254854 35.9402 0.360644 0.932295 -0.0276007 64.2758 0.0337326 0.0165353 0.999294 0
0.975121 -0.142574 -0.169739 36.3459 0.16049 0.982267 0.0969243 64.3133 0.15291 -0.121754 0.980711 0
0.934678 -0.35217 0.048514 36.8192 0.35369 0.934968 -0.027186 64.3224 -0.0357849 0.042569 0.998452 0
0.954756 -0.293432 0.0483506 37.1606 0.294961 0.955095 -0.028138 64.3995 -0.0379228 0.0411265 0.998434 0
0.970904 -0.234818 0.0469748 37.511 0.236418 0.971125 -0.0319818 64.4474 -0.0381085 0.042157 0.998384 0
0.983137 -0.177464 0.0441282 37.8684 0.178991 0.983283 -0.0334226 64.4703 -0.0374592 0.0407575 0.998467 0
0.991846 -0.120913 0.0402748 38.23 0.122153 0.992061 -0.0299031 64.4743 -0.0363394 0.034579 0.998741 0
0.997156 -0.0660177 0.0363602 38.594 0.0669612 0.997433 -0.0253708 64.4562 -0.034592 0.0277334 0.999017 0
0.999356 -0.0145768 0.0328017 38.9592 0.0153736 0.99959 -0.0241719 64.4091 -0.0324359 0.0246606 0.99917 0
0.99897 0.0330773 0.0310616 39.3264 -0.0320938 0.998984 -0.0316456 64.3331 -0.0320768 0.0306161 0.999016 0
0.996645 0.0760743 0.0301819 39.695 -0.074874 0.996427 -0.0390869 64.2358 -0.0330475 0.0366959 0.99878 0
0.967366 0.252241 0.0240445 39.9885 -0.252398 0.967617 0.00368781 64.3118 -0.0223357 -0.00963624 0.999704 0
0.95855 0.284061 0.0221826 40.3675 -0.284332 0.958672 0.0101354 64.179 -0.0183868 -0.0160225 0.999703 0
0.905038 0.42248 0.0491531 40.7244 -0.423872 0.905453 0.0220708 64.0905 -0.0351813 -0.0408095 0.998547 0
0.978564 0.205861 0.00580111 41.0553 -0.205792 0.978537 -0.0107039 63.8721 -0.00788012 0.00928062 0.999926 0
0.972903 0.23118 0.00389986 41.4364 -0.231115 0.972845 -0.0125909 63.7194 -0.00670471 0.0113484 0.999913 0
0.967354 0.253427 -0.00144389 41.8227 -0.253412 0.967198 -0.0175971 63.5496 -0.00306305 0.0173886 0.999844 0
0.847381 0.529758 0.0360767 42.2199 -0.53071 0.847173 0.0253988 63.3871 -0.017108 -0.0406687 0.999026 0
0.839961 0.541799 0.0303356 42.6183 -0.542536 0.839608 0.0267134 63.1911 -0.0109968 -0.0388963 0.999183 0
0.833337 0.55183 0.032148 43.0292 -0.552637 0.832989 0.0268712 62.9875 -0.0119506 -0.0401589 0.999122 0
0.967988 0.250995 9.56734e-05 43.4359 -0.250872 0.967526 -0.0309337 62.7695 -0.00785677 0.0299195 0.999521 0
0.963387 0.268101 0.00264549 43.8677 -0.267889 0.962938 -0.0313926 62.5502 -0.0109638 0.0295346 0.999504 0
0.801683 0.596172 0.0434095 44.2997 -0.597635 0.800835 0.0386746 62.3389 -0.0117071 -0.0569478 0.998309 0
0.798778 0.600355 0.0390698 44.757 -0.601518 0.798175 0.0330497 62.0818 -0.011343 -0.0499006 0.99869 0
0.796563 0.603571 0.0344928 45.2281 -0.604469 0.796118 0.0285163 61.8166 -0.0102487 -0.0435649 0.998998 0
0.795736 0.604869 0.0306252 45.7139 -0.605569 0.795414 0.0245473 61.5427 -0.00951185 -0.0380788 0.999229 0
0.795742 0.605051 0.0266038 46.215 -0.605575 0.795519 0.0207292 61.2601 -0.00862164 -0.0326057 0.999431 0
0.932123 0.36185 -0.0145412 46.7158 -0.362023 0.932095 -0.0117681 60.9933 0.00929551 0.0162336 0.999825 0
0.930012 0.367252 -0.0142645 47.2549 -0.367444 0.929932 -0.0145641 60.6838 0.00791631 0.0187862 0.999792 0
0.929117 0.369501 -0.0145181 47.8078 -0.369731 0.928939 -0.0192538 60.3646 0.00637216 0.0232569 0.999709 0
0.928496 0.371065 -0.0143282 48.376 -0.371313 0.928212 -0.023432 60.0385 0.00460483 0.0270768 0.999623 0
0.927972 0.372404 -0.0135171 48.9592 -0.372641 0.927574 -0.027295 59.7058 0.00237334 0.030366 0.999536 0
0.775493 0.630981 -0.0217855 49.5366 -0.628816 0.775005 0.0629132 59.3942 0.0565809 -0.0350896 0.997781 0
0.781784 0.623111 -0.0233785 50.1579 -0.621605 0.781757 0.0496189 59.0297 0.0491944 -0.0242591 0.998495 0
0.789065 0.613814 -0.0246858 50.7912 -0.612904 0.78934 0.0359324 58.6638 0.0415413 -0.013223 0.999049 0
0.797186 0.603208 -0.0251857 51.4376 -0.602766 0.797576 0.0233655 58.297 0.0341818 -0.00344561 0.99941 0
0.805776 0.591673 -0.0254633 52.0974 -0.591609 0.806153 0.010773 57.928 0.0269014 0.00638366 0.999618 0
0.93482 0.35327 -0.0362112 52.7653 -0.35246 0.935439 0.0269428 57.5898 0.0433914 -0.0124236 0.998981 0
0.938773 0.343204 -0.0302716 53.4528 -0.34297 0.939259 0.0127952 57.196 0.0328243 -0.0016295 0.99946 0
0.943322 0.331098 -0.0227386 54.1538 -0.331234 0.943546 -0.00236305 56.8076 0.0206725 0.00976089 0.999739 0
0.947647 0.318979 -0.0147492 54.8672 -0.319199 0.947548 -0.0162835 56.4239 0.00878148 0.0201389 0.999759 0
0.951683 0.306985 -0.00771459 55.59 -0.307076 0.951206 -0.0301793 56.0434 -0.00192644 0.0310901 0.999515 0
0.955325 0.295543 -0.0027813 56.3198 -0.295389 0.954427 -0.042587 55.6649 -0.00993173 0.041506 0.999089 0
0.788638 0.614498 -0.0210413 57.0465 -0.614842 0.787909 -0.0341911 55.3035 -0.00443171 0.0399015 0.999194 0
0.947151 0.320427 -0.0152275 57.7681 -0.320746 0.94673 -0.0286951 54.9381 0.00522166 0.0320627 0.999472 0
0.837575 0.545829 -0.0231972 58.5028 -0.546315 0.837028 -0.0304055 54.5698 0.00282054 0.0381399 0.999268 0
0.837803 0.545597 -0.0202523 59.2479 -0.545972 0.8373 -0.029046 54.1821 0.00110984 0.0353921 0.999373 0
0.837748 0.54574 -0.0185965 59.9905 -0.546057 0.837291 -0.0276625 53.7933 0.000474185 0.033329 0.999444 0
0.837754 0.545776 -0.017257 60.731 -0.546048 0.837333 -0.0265505 53.404 -4.07043e-05 0.0316659 0.999498 0
0.837798 0.545751 -0.0158441 61.4702 -0.545981 0.837443 -0.0243772 53.0155 -3.5364e-05 0.0290737 0.999577 0
0.838007 0.545453 -0.0150137 62.2081 -0.545659 0.837716 -0.0220748 52.6274 0.000536501 0.0266912 0.999644 0
0.838132 0.545285 -0.0140883 62.9449 -0.545465 0.837926 -0.0186484 52.2401 0.00163622 0.0233145 0.999727 0
0.881625 0.470752 -0.0335981 63.6698 -0.4701 0.882239 0.0257153 51.9059 0.0417471 -0.00687685 0.999105 0
0.842617 0.537356 -0.0352867 64.3961 -0.534637 0.842601 0.0646983 51.5601 0.0644986 -0.0356503 0.997281 0
0.84451 0.534667 -0.0305565 65.1321 -0.532412 0.844368 0.0598311 51.1308 0.0577906 -0.0342593 0.997741 0
0.8463 0.532135 -0.024667 65.8613 -0.530411 0.846043 0.0536174 50.7078 0.0494011 -0.0322928 0.998257 0
0.847292 0.530725 -0.0206638 66.582 -0.529402 0.847034 0.0476003 50.2893 0.0427656 -0.0293919 0.998653 0
0.847528 0.530474 -0.0171129 67.2934 -0.529474 0.847286 0.0419984 49.8733 0.0367786 -0.026534 0.998971 0
0.847116 0.531184 -0.0154123 67.9955 -0.530449 0.846974 0.0354904 49.4589 0.0319057 -0.0218891 0.999251 0
0.817912 0.574593 -0.0293857 68.6754 -0.568773 0.815212 0.109208 49.1127 0.0867057 -0.0726086 0.993584 0
0.787028 0.61575 -0.0379458 69.3556 -0.599952 0.77826 0.185386 48.7341 0.143683 -0.123138 0.981933 0
0.790783 0.611178 -0.0335287 70.0395 -0.598603 0.783628 0.16614 48.2521 0.127815 -0.11131 0.985532 0
0.798006 0.601965 -0.0287141 70.7101 -0.592903 0.792743 0.141506 47.785 0.107944 -0.0958978 0.989521 0
0.804967 0.592852 -0.0235576 71.3678 -0.586676 0.801251 0.117509 47.3319 0.0885408 -0.08077 0.992792 0
0.811465 0.584114 -0.0183389 72.0131 -0.58026 0.809046 0.0935036 46.8906 0.0694538 -0.0652336 0.99545 0
0.817627 0.575597 -0.0132306 72.6465 -0.573511 0.816257 0.0693493 46.4584 0.0507168 -0.049114 0.997505 0
0.823599 0.567121 -0.00768464 73.2669 -0.566292 0.822999 0.0445578 46.0322 0.0315941 -0.032346 0.998977 0
0.829356 0.558717 -0.00187496 73.875 -0.558578 0.829216 0.0197927 45.6105 0.0126133 -0.0153679 0.999802 0
0.835162 0.549983 0.00481746 74.4723 -0.549964 0.835175 -0.00471473 45.192 -0.00661644 0.00128813 0.999977 0
0.841334 0.540402 0.0110443 75.0592 -0.539912 0.841185 -0.0300417 44.7738 -0.0255249 0.0193122 0.999488 0
0.84793 0.5298 0.0180709 75.6362 -0.528221 0.847294 -0.0554596 44.3535 -0.0446938 0.0374804 0.998297 0
0.854722 0.518436 0.0259592 76.2029 -0.515104 0.853288 -0.0810387 43.9289 -0.0641641 0.0558939 0.996373 0
0.780285 0.625418 0.00286319 76.7511 -0.623983 0.778167 0.0714221 43.5132 0.0424406 -0.0575162 0.997442 0
0.807981 0.589071 0.0127432 77.3029 -0.589182 0.80796 0.00804298 43.0609 -0.00555808 -0.0140066 0.999886 0
0.845586 0.533096 0.028154 77.8481 -0.529745 0.844452 -0.079192 42.6173 -0.0659917 0.0520492 0.996462 0
0.774914 0.631988 0.00997024 78.2392 -0.632066 0.774799 0.0133602 42.2772 0.00071858 -0.0166549 0.999861 0
0.774955 0.631953 0.00897624 78.7664 -0.632015 0.774847 0.012959 41.8554 0.00123423 -0.0157157 0.999876 0
0.835007 0.549177 0.0341805 79.2273 -0.549635 0.83539 0.00503765 41.4974 -0.0257875 -0.0229933 0.999403 0
0.838477 0.543833 0.0346596 79.734 -0.544294 0.838881 0.00481347 41.1162 -0.0264575 -0.022901 0.999388 0
0.8435 0.536081 0.0335468 80.229 -0.536528 0.843865 0.00538007 40.7528 -0.0254249 -0.0225369 0.999423 0
0.849957 0.52584 0.0326389 80.7112 -0.526276 0.850293 0.00593975 40.4088 -0.0246293 -0.0222256 0.99945 0
0.857735 0.513078 0.0322709 81.1804 -0.513503 0.858067 0.00601713 40.0859 -0.0246034 -0.0217323 0.999461 0
0.536835 0.843599 -0.0121621 81.5935 -0.834886 0.533257 0.136388 39.8415 0.121543 -0.0630641 0.990581 0
0.559003 0.828881 -0.0217342 82.0569 -0.820564 0.55678 0.129113 39.5287 0.119121 -0.0543405 0.991392 0
0.985004 0.00328955 0.172499 82.4975 -0.0051918 0.999931 0.0105776 39.1794 -0.172452 -0.0113146 0.984953 0
0.228523 0.958245 -0.171881 82.8465 -0.9602 0.250977 0.122581 38.9928 0.160601 0.137027 0.977461 0
0.64581 0.755824 -0.107983 83.3612 -0.756631 0.652494 0.0419619 38.7834 0.102174 0.0546037 0.993267 0
0.678494 0.727111 -0.104666 83.8531 -0.727924 0.684637 0.0374034 38.6006 0.0988549 0.0508112 0.993804 0
0.720487 0.686336 -0.0992072 84.3414 -0.687423 0.725708 0.0282338 38.4347 0.0913734 0.0478552 0.994666 0
0.762424 0.640525 -0.0918587 84.8293 -0.641764 0.76666 0.0192514 38.2887 0.0827554 0.0442739 0.995586 0
0.943125 0.329245 -0.045962 85.2733 -0.328501 0.944221 0.0231118 38.1863 0.0510077 -0.00669873 0.998676 0
0.959117 0.280369 -0.0385825 85.7797 -0.279778 0.959855 0.0200613 38.076 0.0426582 -0.00844662 0.999054 0
0.975288 0.218743 -0.0310632 86.2824 -0.218354 0.975747 0.0154689 37.9934 0.0336936 -0.0083039 0.999398 0
0.951467 0.275283 -0.137587 86.7257 -0.273115 0.961353 0.0347738 37.952 0.141842 0.00449093 0.989879 0
0.970541 0.203181 -0.129487 87.2445 -0.202131 0.979126 0.0213366 37.9168 0.131119 0.00546536 0.991351 0
0.984932 0.123571 -0.120996 87.749 -0.123724 0.992297 0.00627836 37.9156 0.12084 0.00878638 0.992633 0
0.992949 0.0413307 -0.111105 88.2407 -0.0423011 0.999084 -0.0063897 37.9491 0.110739 0.0110445 0.993788 0
0.981881 -0.0644108 -0.178215 88.6686 0.0668295 0.997736 0.00759615 38.0325 0.177322 -0.0193686 0.983962 0
0.953744 -0.0297903 -0.299142 89.1077 0.0429686 0.99837 0.037572 38.1478 0.297535 -0.0486878 0.953469 0
0.924975 -0.0555836 -0.375941 89.576 0.0798268 0.995593 0.0492075 38.2806 0.371549 -0.0755259 0.925336 0
0.929148 -0.162704 -0.331982 90.0843 0.178621 0.983757 0.0177836 38.4152 0.323696 -0.0758226 0.943118 0
0.922017 -0.276119 -0.271373 90.5511 0.283754 0.958828 -0.0115145 38.5847 0.263379 -0.0663865 0.962406 0
0.899807 -0.38458 -0.206024 90.9808 0.386191 0.921792 -0.0340008 38.7852 0.202987 -0.0489705 0.977956 0
0.914222 -0.301016 -0.271271 91.3277 0.315513 0.948864 0.0104163 39.046 0.254264 -0.0951123 0.962447 0
0.889865 -0.40636 -0.20739 91.7276 0.413385 0.910498 -0.0102885 39.2827 0.193009 -0.0765767 0.978204 0
0.848246 -0.515526 -0.121297 92.095 0.516225 0.855994 -0.028038 39.5463 0.118284 -0.0388334 0.99222 0
0.794068 -0.606616 -0.038379 92.4363 0.605693 0.794987 -0.0336429 39.834 0.0509192 0.00346888 0.998697 0
0.729801 -0.682267 0.0436177 92.7604 0.683599 0.729102 -0.0332187 40.1406 -0.00913768 0.0540601 0.998496 0
0.657303 -0.743292 0.124379 93.0812 0.751056 0.659697 -0.0267204 40.4573 -0.0621912 0.110979 0.991875 0
0.603826 -0.777997 0.173534 93.4098 0.792003 0.610181 -0.0202422 40.7832 -0.090139 0.149662 0.98462 0
0.589919 -0.788666 0.173209 93.749 0.802631 0.59617 -0.0191 41.1202 -0.0881986 0.150291 0.9847 0
0.595608 -0.789413 0.14859 94.098 0.799877 0.59985 -0.0194042 41.4681 -0.0738136 0.130411 0.988709 0
0.603952 -0.787909 0.120169 94.4556 0.794818 0.606599 -0.0173678 41.8265 -0.0592102 0.106002 0.992602 0
0.61471 -0.783363 0.0920579 94.8234 0.78741 0.616278 -0.0136813 42.1941 -0.0460158 0.0808974 0.99566 0
0.629013 -0.774874 0.0625585 95.2038 0.776735 0.629756 -0.00949922 42.5682 -0.0320359 0.0545665 0.997996 0
0.645444 -0.763032 0.034403 95.6027 0.763592 0.645677 -0.00534436 42.9456 -0.0181353 0.0297193 0.999394 0
0.663139 -0.74843 0.00994436 96.0157 0.748485 0.663143 -0.00337866 43.3299 -0.00406585 0.00968373 0.999945 0
0.681835 -0.731401 -0.0123922 96.4338 0.731396 0.681928 -0.00577146 43.7241 0.0126718 -0.0051284 0.999907 0
0.698892 -0.714487 -0.032531 96.8558 0.714646 0.699434 -0.00848697 44.1254 0.0288171 -0.0173167 0.999435 0
0.393751 -0.917758 0.0517711 97.2631 0.919209 0.39335 -0.0181596 44.6509 -0.00369801 0.0547388 0.998494 0
0.397644 -0.916359 0.0465399 97.6603 0.917517 0.397476 -0.0132169 45.0737 -0.00638703 0.0479568 0.998829 0
0.401737 -0.914666 0.0446386 98.0744 0.915698 0.40178 -0.00840316 45.5032 -0.0102488 0.0442513 0.998968 0
0.405109 -0.913092 0.0463619 98.5102 0.914144 0.405371 -0.00402843 45.9367 -0.0151154 0.0440134 0.998917 0
0.407793 -0.911769 0.0487977 98.9608 0.912847 0.408302 0.000490727 46.3779 -0.0203716 0.0443447 0.998809 0
0.193215 -0.978827 0.0675764 99.4172 0.98082 0.194492 0.0128034 46.8874 -0.0256754 0.0638065 0.997632 0
0.205066 -0.976335 0.0686811 99.882 0.978429 0.206286 0.0110982 47.3509 -0.0250035 0.0649237 0.997577 0
0.21066 -0.975038 0.070159 100.359 0.977335 0.211607 0.00625882 47.816 -0.0209487 0.0672504 0.997516 0
0.215232 -0.974107 0.0692101 100.842 0.97647 0.21565 -0.00147018 48.2882 -0.013493 0.067898 0.997601 0
0.219923 -0.973412 0.0640478 101.335 0.975493 0.219904 -0.00743485 48.7688 -0.00684717 0.0641133 0.997919 0
0.223395 -0.972804 0.0612165 101.84 0.974715 0.223273 -0.0089196 49.2574 -0.00499096 0.0616612 0.998085 0
0.226739 -0.97203 0.0612181 102.357 0.973913 0.226866 -0.00496768 49.7571 -0.00905957 0.0607475 0.998112 0
0.230007 -0.971263 0.0612008 102.881 0.973064 0.23053 0.0015322 50.2674 -0.0155968 0.0591999 0.998124 0
0.748026 -0.663578 0.0110002 103.347 0.663274 0.74805 0.0220952 50.948 -0.0228906 -0.00923168 0.999695 0
0.746633 -0.665199 0.00703791 103.87 0.664901 0.74655 0.0238762 51.4723 -0.0211366 -0.0131472 0.99969 0
0.821988 -0.569327 -0.0142456 104.303 0.569488 0.821511 0.0283458 52.0758 -0.00443508 -0.0314126 0.999497 0
0.818794 -0.573843 -0.0167736 104.848 0.574088 0.818434 0.0242716 52.618 -0.000199988 -0.029503 0.999565 0
0.376389 -0.926115 0.0253567 105.357 0.926444 0.376412 -0.00406636 53.2104 -0.00577865 0.0250221 0.99967 0
0.612516 -0.790427 0.00702738 105.891 0.790372 0.612556 0.00936555 53.8116 -0.0117074 -0.000182302 0.999931 0
0.606531 -0.795008 0.00903836 106.464 0.79495 0.606597 0.00970635 54.3788 -0.0131993 0.00129785 0.999912 0
0.601814 -0.79855 0.0117646 107.04 0.798505 0.601917 0.00927928 54.957 -0.0144913 0.00380973 0.999888 0
0.597865 -0.801453 0.0151989 107.62 0.801458 0.598007 0.00731835 55.5423 -0.0149544 0.00780592 0.999858 0
0.59453 -0.803879 0.0176845 108.202 0.803917 0.594704 0.00667477 56.1351 -0.0158828 0.0102485 0.999821 0
0.59164 -0.806046 0.0158705 108.783 0.806058 0.591792 0.00727068 56.7366 -0.0152525 0.00849088 0.999848 0
0.589306 -0.807852 0.00968058 109.361 0.807823 0.589376 0.00757235 57.346 -0.0118228 0.00335777 0.999924 0
0.586988 -0.809588 0.00336946 109.944 0.809552 0.586995 0.00796065 57.9597 -0.00842271 -0.00194506 0.999963 0
0.585473 -0.810683 -0.00384127 110.529 0.810661 0.585403 0.01153 58.5813 -0.00709845 -0.00986445 0.999926 0
0.585161 -0.810879 -0.00783796 111.116 0.810875 0.585005 0.0158327 59.2089 -0.00825316 -0.0156203 0.999844 0
0.539748 -0.84172 0.0134029 111.676 0.840388 0.537828 -0.0670029 59.8315 0.0491892 0.0474284 0.997663 0
0.550589 -0.834712 0.0104204 112.277 0.833588 0.549096 -0.0602113 60.4756 0.0445373 0.041838 0.998131 0
0.5608 -0.827848 0.0130702 112.886 0.827014 0.559344 -0.0564208 61.1099 0.0393971 0.04245 0.998322 0
0.569851 -0.821586 0.0163088 113.501 0.821063 0.568453 -0.0521296 61.7349 0.0335582 0.0430967 0.998507 0
0.579453 -0.814805 0.0180781 114.117 0.814465 0.578118 -0.0492543 62.3529 0.0296814 0.0432645 0.998623 0
0.588706 -0.808196 0.0156527 114.731 0.807949 0.587698 -0.0427638 62.9673 0.0253625 0.0378219 0.998963 0
0.5981 -0.801326 0.0123946 115.344 0.801201 0.597501 -0.0327018 63.5793 0.018799 0.0294895 0.999388 0
0.607248 -0.794435 0.011112 115.957 0.794457 0.606981 -0.0203046 64.1859 0.00938596 0.0211579 0.999732 0
0.616114 -0.787624 0.00713251 116.568 0.787639 0.616014 -0.0123358 64.7862 0.00532229 0.0132181 0.999898 0
0.625334 -0.780356 0.00154607 117.179 0.780283 0.625246 -0.0149957 65.3774 0.0107353 0.0105837 0.999886 0
0.633243 -0.773948 -0.002789 117.794 0.773702 0.633126 -0.023153 65.9591 0.019685 0.0125036 0.999728 0
0.640289 -0.768125 -0.00384762 118.408 0.767927 0.640225 -0.0199911 66.5422 0.017819 0.00984538 0.999793 0
0.77897 -0.626985 0.00973557 119.004 0.626847 0.778206 -0.0381943 67.1501 0.016371 0.035855 0.999223 0
0.789479 -0.61326 0.0251849 119.617 0.613729 0.789265 -0.019938 67.7358 -0.00765039 0.0311974 0.999484 0
0.798848 -0.600829 0.0290921 120.221 0.601206 0.799074 -0.0056871 68.3198 -0.0198297 0.0220335 0.999561 0
0.810335 -0.585547 0.0221901 120.816 0.585735 0.810499 -0.00252156 68.9014 -0.0165085 0.0150408 0.999751 0
0.573324 -0.819298 -0.00707578 121.383 0.819329 0.573302 0.00501633 69.5118 -5.33106e-05 -0.00867337 0.999962 0
0.590016 -0.807381 -0.00420474 121.983 0.807385 0.589981 0.00725557 70.083 -0.00337729 -0.00767574 0.999965 0
0.6052 -0.796073 0.000910174 122.582 0.79601 0.605165 0.0119283 70.6547 -0.0100466 -0.0064945 0.999928 0
0.600591 -0.799556 0.000668707 123.176 0.799488 0.600551 0.0125754 71.2304 -0.0104564 -0.00701808 0.999921 0
0.660585 -0.750699 -0.00886752 123.712 0.750583 0.660141 0.0289827 71.8668 -0.0159035 -0.0258013 0.999541 0
0.740142 -0.672235 -0.017022 124.277 0.672402 0.739548 0.0307275 72.4855 -0.00806745 -0.0341883 0.999383 0
0.736578 -0.67603 -0.0208939 124.85 0.676315 0.735859 0.0333174 73.066 -0.00714859 -0.0386717 0.999226 0
0.733624 -0.679178 -0.0226732 125.418 0.679519 0.732829 0.0348505 73.6498 -0.0070541 -0.0409741 0.999135 0
0.925089 -0.376771 -0.047479 125.906 0.37829 0.925256 0.0282654 74.2653 0.0332806 -0.0441089 0.998472 0
0.125942 -0.992031 0.00358593 126.504 0.990665 0.125957 0.0521251 74.8791 -0.0521614 -0.00301228 0.998634 0
0.135173 -0.990809 0.00506998 127.048 0.98961 0.135259 0.0487589 75.4772 -0.0489965 -0.00157359 0.998798 0
0.996543 0.0451935 -0.0697064 127.527 -0.0425974 0.998358 0.0382907 76.1388 0.0713224 -0.0351891 0.996832 0
0.997346 0.0195062 -0.0701463 128.101 -0.0173145 0.999347 0.0317178 76.7214 0.0707192 -0.0304191 0.997032 0
0.997796 -0.00695464 -0.0659866 128.663 0.0083526 0.999746 0.0209333 77.3123 0.0658243 -0.0214384 0.997601 0
0.997982 -0.0324647 -0.0545788 129.214 0.0332088 0.999367 0.0127824 77.9134 0.0541293 -0.0145691 0.998428 0
0.997422 -0.0570697 -0.0435068 129.758 0.057458 0.998318 0.00772586 78.5196 0.0429928 -0.0102058 0.999023 0
0.9962 -0.0800757 -0.0342441 130.293 0.0804315 0.996718 0.00913898 79.1339 0.0333999 -0.0118586 0.999372 0
-0.222034 -0.974686 0.0262228 130.792 0.973473 -0.220074 0.0625963 79.7724 -0.0552408 0.0394257 0.997694 0
-0.211096 -0.977141 0.0251696 131.312 0.976345 -0.209552 0.0532726 80.3877 -0.0467805 0.0358199 0.998263 0
-0.187841 -0.981781 0.0286639 131.839 0.981478 -0.186505 0.0437752 81.0074 -0.0376317 0.0363558 0.99863 0
-0.16467 -0.985826 0.0320948 132.361 0.985795 -0.163401 0.0388337 81.6374 -0.033039 0.0380337 0.99873 0
-0.142612 -0.989363 0.0286817 132.876 0.989193 -0.141471 0.0384993 82.2769 -0.0340322 0.0338622 0.998847 0
-0.120601 -0.992459 0.0219107 133.377 0.992103 -0.119733 0.0373492 82.9221 -0.0344441 0.0262421 0.999062 0
-0.0997215 -0.994863 0.0173914 133.877 0.99458 -0.099146 0.0313011 83.5697 -0.029416 0.0204185 0.999359 0
0.701491 -0.712648 -0.0065311 134.279 0.712653 0.70136 0.0148194 84.413 -0.00598034 -0.0150501 0.999869 0
0.695248 -0.71874 -0.00650624 134.779 0.718752 0.695138 0.0134141 85.0442 -0.00511852 -0.0140025 0.999889 0
0.576425 -0.816986 -0.0163351 135.144 0.81715 0.576313 0.0113961 85.7525 0.000103658 -0.0199172 0.999802 0
0.570021 -0.821491 -0.0151192 135.648 0.821603 0.569757 0.0185621 86.4165 -0.00663435 -0.0230028 0.999713 0
0.563391 -0.826073 -0.0139554 136.148 0.826117 0.563035 0.0228491 87.0834 -0.0110176 -0.0244018 0.999642 0
0.557814 -0.829875 -0.0122718 136.643 0.829847 0.557423 0.0251536 87.7531 -0.0140337 -0.0242147 0.999608 0
0.553465 -0.832786 -0.0120146 137.132 0.832746 0.553072 0.0253949 88.426 -0.0145035 -0.0240603 0.999605 0
0.550206 -0.834901 -0.0146201 137.614 0.834957 0.549844 0.0227569 89.1007 -0.010961 -0.0247281 0.999634 0
0.546856 -0.836949 -0.0215653 138.09 0.837208 0.546491 0.0207436 89.7779 -0.00557605 -0.0293984 0.999552 0
0.544337 -0.838422 -0.0272874 138.56 0.838866 0.544047 0.0177884 90.4573 -6.85968e-05 -0.0325733 0.999469 0
0.541963 -0.839988 -0.0263871 139.03 0.840402 0.541653 0.0183704 91.1377 -0.00113822 -0.0321319 0.999483 0
0.539968 -0.841353 -0.0236366 139.497 0.841647 0.539463 0.024687 91.8214 -0.00801946 -0.0332238 0.999416 0
0.538312 -0.842648 -0.0128439 139.96 0.842578 0.537837 0.0281742 92.5071 -0.016833 -0.0259885 0.99952 0
0.53682 -0.842358 -0.0475032 140.422 0.843492 0.534598 0.0522168 93.1883 -0.0185901 -0.0680996 0.997505 0
0.528755 -0.848738 -0.00786462 140.881 0.848623 0.528462 0.0238141 93.8657 -0.0160558 -0.0192659 0.999685 0
0.525672 -0.850614 -0.0111606 141.339 0.850652 0.525487 0.0159695 94.5418 -0.00771911 -0.0178885 0.99981 0
0.520585 -0.853659 -0.0160819 141.789 0.853801 0.520402 0.0143288 95.2249 -0.00386288 -0.0211901 0.999768 0
0.5145 -0.85737 -0.0143877 142.232 0.85747 0.514299 0.0155642 95.9157 -0.00594473 -0.0203448 0.999775 0
0.508742 -0.860865 -0.00967367 142.676 0.86083 0.508496 0.0200724 96.6102 -0.0123606 -0.018539 0.999752 0
0.502216 -0.864737 -0.00313358 143.116 0.864636 0.502094 0.0175289 97.3103 -0.0135845 -0.0115127 0.999841 0
0.498195 -0.86705 0.00511058 143.552 0.866883 0.498202 0.017542 98.0147 -0.0177559 -0.00430903 0.999833 0
0.492892 -0.870058 0.00755824 143.982 0.869955 0.49295 0.0133471 98.7215 -0.0153386 -3.35681e-06 0.999882 0
0.487533 -0.873072 0.00750346 144.406 0.873072 0.487571 0.00442871 99.4307 -0.00752506 0.00439192 0.999962 0
0.481701 -0.876226 0.0138325 144.831 0.876334 0.481615 -0.00920862 100.14 0.00140688 0.0165577 0.999862 0
0.475727 -0.879434 0.0167594 145.252 0.879591 0.475597 -0.0112647 100.856 0.0019359 0.0201003 0.999796 0
0.472426 -0.880937 0.0276511 145.661 0.8813 0.472552 -0.00217713 101.583 -0.0111487 0.0253974 0.999615 0
0.464186 -0.885733 -0.0029218 146.062 0.885658 0.464097 0.0149591 102.317 -0.0118938 -0.00953152 0.999884 0
0.464258 -0.885368 0.0242607 146.459 0.88533 0.464681 0.0161646 103.05 -0.0255851 0.0139742 0.999575 0
0.463081 -0.886228 0.0125001 146.852 0.886233 0.463184 0.00716969 103.783 -0.0121438 0.00775789 0.999896 0
0.466106 -0.884729 -0.000161011 147.24 0.884714 0.4661 -0.00563379 104.518 0.00505942 0.0024835 0.999984 0
0.48339 -0.875115 -0.0225456 147.637 0.874915 0.483821 -0.0210072 105.246 0.0292918 -0.00957081 0.999525 0
0.515435 -0.853615 -0.0752863 148.1 0.855018 0.518161 -0.0212973 105.926 0.0571901 -0.0533938 0.996934 0
0.394144 -0.915864 0.0764442 148.617 0.916055 0.398207 0.0476919 106.577 -0.0741199 0.0512296 0.995933 0
0.433244 -0.90116 0.0144991 149.092 0.900219 0.433458 0.0414737 107.271 -0.0436592 -0.00491588 0.999034 0
0.451485 -0.892274 0.00280088 149.239 0.892267 0.451492 0.0036506 108.104 -0.00452191 0.000850945 0.999989 0
0.594419 -0.804154 0.00127501 149.579 0.804152 0.594411 -0.00375118 109.02 0.00225864 0.00325507 0.999992 0
0.598381 -0.801212 0.000765478 150.019 0.801117 0.598295 -0.0159515 109.786 0.0123226 0.0101583 0.999872 0
0.601351 -0.798974 0.00430818 150.46 0.798705 0.600988 -0.029719 110.547 0.0211555 0.0213125 0.999549 0
0.227279 -0.971879 -0.06161 150.812 0.973826 0.226992 0.0117117 111.418 0.0026026 -0.0626593 0.998032 0
0.224945 -0.972774 -0.0557721 151.263 0.974358 0.224275 0.0180697 112.161 -0.00506942 -0.0584067 0.99828 0
0.76759 -0.638444 -0.0565299 151.62 0.637317 0.769641 -0.0384612 112.94 0.0680631 -0.00650504 0.99766 0
-0.287298 -0.950237 -0.120453 152.052 0.956812 -0.290539 0.00988151 113.759 -0.0443861 -0.112412 0.99267 0
0.83112 -0.555151 -0.0323648 152.456 0.553819 0.831576 -0.0420348 114.532 0.0502494 0.0170118 0.998592 0
0.827772 -0.559981 -0.034858 152.883 0.558682 0.828384 -0.0406623 115.255 0.0516459 0.0141846 0.998565 0
0.82717 -0.560982 -0.0329948 153.302 0.559929 0.827748 -0.0362225 115.977 0.0476316 0.0114874 0.998799 0
-0.136901 -0.98242 -0.126921 153.736 0.990078 -0.139801 0.0141877 116.733 -0.031682 -0.123719 0.991811 0
-0.132928 -0.983763 -0.120585 154.13 0.991085 -0.133032 -0.00721886 117.439 -0.00894008 -0.12047 0.992677 0
0.92839 -0.368595 -0.0472136 154.466 0.367621 0.929548 -0.028203 118.126 0.0542828 0.00882668 0.998487 0
0.921836 -0.385602 -0.0391068 154.859 0.385006 0.92265 -0.0220763 118.826 0.0445946 0.00529441 0.998991 0
0.916667 -0.398175 -0.0343126 155.237 0.397457 0.917253 -0.0259955 119.517 0.0418241 0.0101914 0.999073 0
0.914109 -0.403829 -0.036414 155.601 0.402652 0.914659 -0.0356533 120.202 0.0477043 0.0179289 0.998701 0
0.908313 -0.417628 -0.0235253 155.954 0.416903 0.908445 -0.0303423 120.879 0.0340432 0.0177526 0.999263 0
0.907687 -0.419037 -0.0226462 156.3 0.418339 0.907796 -0.0299801 121.545 0.0331208 0.0177387 0.999294 0
0.902546 -0.430425 -0.0120608 156.641 0.429921 0.902348 -0.0306046 122.203 0.024056 0.0224369 0.999459 0
0.901769 -0.43205 -0.0120529 156.975 0.431565 0.901588 -0.0298431 122.852 0.0237604 0.02171 0.999482 0
0.898429 -0.439047 -0.00799432 157.306 0.438662 0.898174 -0.0293225 123.493 0.0200542 0.0228374 0.999538 0
0.890664 -0.454663 -0.000304441 157.632 0.454465 0.890295 -0.0289213 124.127 0.0134205 0.0256208 0.999582 0
0.890515 -0.454953 -0.00106349 157.954 0.454747 0.890177 -0.0281085 124.756 0.0137347 0.0245474 0.999604 0
0.886546 -0.462637 0.00189908 158.274 0.462509 0.886187 -0.027534 125.378 0.0110553 0.0252885 0.999619 0
0.878209 -0.478203 0.00844193 158.591 0.478245 0.877808 -0.027106 125.996 0.00555177 0.027842 0.999597 0
0.878953 -0.47686 0.006794 158.905 0.476862 0.878581 -0.026428 126.609 0.00663341 0.0264688 0.999628 0
0.875438 -0.483247 0.0089986 159.217 0.483308 0.875062 -0.0260961 127.218 0.00473655 0.0271946 0.999619 0
0.872062 -0.489266 0.0112658 159.527 0.489387 0.87168 -0.0259882 127.823 0.00289496 0.0281767 0.999599 0
0.868658 -0.495219 0.0138686 159.835 0.495412 0.868258 -0.0263586 128.425 0.00101171 0.0297673 0.999556 0
0.858351 -0.512596 0.0218961 160.144 0.513048 0.857872 -0.0289441 129.024 -0.00394743 0.036078 0.999341 0
0.859367 -0.51092 0.0211936 160.454 0.511353 0.858827 -0.0305619 129.621 -0.00258693 0.0371013 0.999308 0
0.852165 -0.522391 0.0303795 160.761 0.523221 0.851469 -0.0352316 130.214 -0.00746252 0.0459183 0.998917 0
0.852801 -0.521292 0.0313922 161.065 0.522182 0.852041 -0.0367787 130.798 -0.007575 0.0477574 0.99883 0
0.843894 -0.5344 0.0475354 161.378 0.536255 0.842905 -0.0440641 131.37 -0.01652 0.0626765 0.997897 0
0.844633 -0.532501 0.0551155 161.707 0.534835 0.843839 -0.0434437 131.912 -0.0233748 0.0661716 0.997534 0
0.838067 -0.541736 0.0645413 162.051 0.544401 0.838134 -0.0340332 132.411 -0.0356572 0.0636584 0.997335 0
0.824611 -0.561758 0.0666669 162.419 0.562668 0.826661 0.0060185 132.879 -0.0584919 0.0325484 0.997757 0
0.824377 -0.562014 0.0673949 162.8 0.563 0.826441 0.00514568 133.38 -0.0585898 0.0337013 0.997713 0
0.816844 -0.57332 0.063792 163.183 0.574181 0.818709 0.00573869 133.925 -0.0555172 0.0319405 0.997947 0
0.808721 -0.586152 0.0489456 163.569 0.586563 0.809873 0.00699574 134.472 -0.0437403 0.0230521 0.998777 0
0.796094 -0.604954 0.0162864 163.974 0.60468 0.796243 0.0189244 134.999 -0.0244164 -0.00521756 0.999688 0
0.777257 -0.62772 -0.0428889 164.376 0.629063 0.776635 0.033435 135.528 0.0123212 -0.0529674 0.99852 0
0.6143 -0.787581 -0.0484866 164.714 0.788554 0.614963 0.00156455 136.097 0.0285853 -0.0391954 0.998823 0
0.512664 -0.85332 0.0949744 165.045 0.856796 0.5156 0.00760861 136.653 -0.0554613 0.077473 0.995451 0
0.493275 -0.86755 0.0635341 165.372 0.869196 0.494456 0.00334232 137.21 -0.0343145 0.0535749 0.997974 0
0.475035 -0.878916 0.0429993 165.705 0.879668 0.475579 0.00280678 137.786 -0.0229165 0.0364918 0.999071 0
0.462548 -0.886253 0.0245941 166.046 0.886407 0.462843 0.00774173 138.386 -0.0182443 0.0182194 0.999668 0
0.455172 -0.89035 0.00974931 166.403 0.890217 0.455273 0.0154666 139.001 -0.0182093 0.00163905 0.999833 0
0.45167 -0.892147 0.00830505 166.777 0.891893 0.45174 0.0213808 139.619 -0.0228265 -0.00224982 0.999737 0
0.451723 -0.892113 0.00897575 167.14 0.891884 0.451811 0.0202443 140.229 -0.0221156 -0.0011395 0.999755 0
0.495975 -0.868316 -0.00602377 167.19 0.868076 0.495643 0.02797 141.069 -0.0213011 -0.0191015 0.999591 0
0.485613 -0.874012 -0.0168193 167.519 0.874032 0.485099 0.0273082 141.678 -0.0157087 -0.0279619 0.999486 0
0.483078 -0.875432 -0.015939 167.897 0.875544 0.48282 0.0175323 142.256 -0.00765273 -0.0224247 0.999719 0
0.482115 -0.87606 -0.00914621 168.275 0.876082 0.481995 0.0127125 142.842 -0.0067285 -0.0141417 0.999877 0
0.48155 -0.876418 0.000984175 168.651 0.876348 0.481525 0.0121293 143.433 -0.0111043 -0.0049784 0.999926 0
0.492506 -0.870294 0.00511489 168.997 0.870259 0.492533 0.00784462 144.047 -0.00934637 0.000587753 0.999956 0
0.494028 -0.869373 0.0112723 169.361 0.869373 0.494113 0.00658498 144.645 -0.0112946 0.00654671 0.999915 0
0.495057 -0.868737 0.014626 169.72 0.868832 0.495107 -0.000213798 145.241 -0.0070557 0.0128134 0.999893 0
0.495288 -0.868494 0.0202123 170.079 0.86872 0.495255 -0.00696422 145.836 -0.00396184 0.0210081 0.999771 0
0.481389 -0.874786 0.0548959 170.441 0.876496 0.480756 -0.0250696 146.453 -0.00446099 0.0601843 0.998177 0
0.552141 -0.828327 0.0949458 170.783 0.833331 0.551885 -0.0313345 147.079 -0.0264439 0.0964224 0.994989 0
0.547316 -0.831657 0.0937618 171.101 0.83643 0.547404 -0.0270773 147.676 -0.0288066 0.0932451 0.995226 0
0.523458 -0.845189 0.107921 171.416 0.851606 0.523066 -0.0341999 148.281 -0.0275442 0.109808 0.993571 0
0.516765 -0.850081 0.101574 171.73 0.855817 0.516122 -0.0345669 148.873 -0.0230399 0.104792 0.994227 0
