0.477284 -0.878556 0.0184031 0.681433 0.878745 0.477243 -0.00686302 0.552625 -0.00275319 0.0194472 0.999807 0
0.476648 -0.878885 0.0191818 1.04311 0.879094 0.476563 -0.0090427 1.25374 -0.00119383 0.0211727 0.999775 0
0.475309 -0.879666 0.016389 1.49419 0.879819 0.475229 -0.00868813 2.07765 -0.000145849 0.0185489 0.999828 0
0.474236 -0.880248 0.0162786 1.94731 0.880397 0.474176 -0.0075601 2.90971 -0.00106416 0.0179169 0.999839 0
0.472116 -0.881364 0.017409 2.37435 0.881532 0.472086 -0.00606768 3.71612 -0.00287072 0.0182113 0.99983 0
0.469403 -0.882782 0.0188803 2.79568 0.882978 0.469375 -0.00615815 4.53717 -0.00342561 0.0195615 0.999803 0
0.464089 -0.885615 0.0175191 3.24058 0.885783 0.464066 -0.00560209 5.35251 -0.00316874 0.018118 0.999831 0
0.462724 -0.886322 0.0178988 3.66396 0.8865 0.462678 -0.00684959 6.16157 -0.00221046 0.0190368 0.999816 0
0.461544 -0.88692 0.0186939 4.08836 0.887114 0.461497 -0.00702317 6.97659 -0.00239819 0.0198251 0.999801 0
0.428757 -0.902345 0.0440624 4.51851 0.903406 0.428512 -0.0153444 7.79974 -0.00503533 0.0463853 0.998911 0
0.432874 -0.900428 0.0429999 4.95657 0.90136 0.433026 -0.00619467 8.63411 -0.0130422 0.0414399 0.999056 0
0.464904 -0.885162 0.0187854 5.40434 0.885296 0.465022 0.0022168 9.54903 -0.0106978 0.0156 0.999821 0
0.455596 -0.889838 0.0248966 5.9282 0.89008 0.455797 0.00273428 10.5022 -0.0137809 0.0209143 0.999686 0
0.437441 -0.898779 0.0290137 6.30834 0.899089 0.437742 0.00466841 11.3032 -0.0168964 0.0240437 0.999568 0
0.43755 -0.898796 0.0267388 6.74728 0.899101 0.437739 0.00134988 12.1349 -0.0129179 0.0234503 0.999642 0
0.437659 -0.8988 0.0247578 7.18922 0.899105 0.437723 -0.0030326 12.9712 -0.00811138 0.0235871 0.999689 0
0.434818 -0.898432 0.0612671 7.68291 0.899406 0.436656 0.020031 13.8488 -0.0447492 0.0463941 0.99792 0
0.482796 -0.861289 -0.158397 8.09136 0.852329 0.503679 -0.140863 14.6802 0.201105 -0.0669985 0.977276 0
0.463168 -0.88362 0.0684882 8.52117 0.884035 0.466104 0.0350723 15.4474 -0.0629132 0.0443015 0.997035 0
0.419725 -0.844533 -0.332559 8.89362 0.82469 0.507874 -0.248899 16.1766 0.379101 -0.169789 0.909645 0
0.475505 -0.814581 -0.332194 9.45264 0.793204 0.560298 -0.238522 17.1224 0.380423 -0.150079 0.912554 0
0.444215 -0.836941 -0.319692 9.92887 0.811366 0.527134 -0.252617 18.0157 0.379946 -0.147171 0.913226 0
0.469663 -0.882352 0.0295158 10.4072 0.882838 0.469537 -0.0114949 18.8851 -0.00371621 0.0314564 0.999498 0
0.467579 -0.88337 0.0320377 10.7408 0.883905 0.467617 -0.00676395 19.6997 -0.00900633 0.031481 0.999464 0
0.467123 -0.883739 0.0283167 11.1851 0.884184 0.467021 -0.0105095 20.6712 -0.00393686 0.0299464 0.999544 0
0.458068 -0.888431 0.0293918 11.8187 0.88887 0.458134 -0.00481088 21.9405 -0.00919128 0.0283292 0.999556 0
0.464591 -0.885368 0.0167105 12.2731 0.885498 0.464347 -0.0165539 22.8513 0.00689683 0.022488 0.999723 0
0.37387 -0.915389 0.149281 12.6406 0.902201 0.39626 0.170325 23.5418 -0.215067 0.071002 0.974015 0
0.372298 -0.916287 0.147691 13.1013 0.90181 0.394754 0.17581 24.3716 -0.219394 0.0677356 0.973282 0
0.3709 -0.917062 0.146392 13.5773 0.901855 0.393295 0.178819 25.223 -0.221563 0.0657008 0.97293 0
0.464995 -0.884894 0.0272364 14.1463 0.885159 0.465268 0.00432413 26.0517 -0.0164986 0.0220978 0.99962 0
0.460671 -0.887267 0.0232129 14.5088 0.887408 0.46093 0.00711205 27.1646 -0.0170098 0.017323 0.999705 0
0.463026 -0.886143 0.0188959 14.9929 0.886247 0.463186 0.00496119 28.2559 -0.0131487 0.0144493 0.999809 0
0.482877 -0.875239 0.0280353 15.5008 0.87558 0.483072 0.000231781 29.1289 -0.013746 0.0244353 0.999607 0
0.481735 -0.875776 0.0307808 15.9604 0.876192 0.481962 -5.56885e-05 29.8644 -0.0147864 0.0269967 0.999526 0
0.480924 -0.876218 0.0308853 16.4067 0.876642 0.481143 -0.000383064 30.5998 -0.0145246 0.0272596 0.999523 0
0.461792 -0.88668 0.0233867 16.8633 0.886937 0.461887 -0.00150002 31.3611 -0.00947197 0.0214352 0.999725 0
0.461693 -0.886869 0.0174123 17.1531 0.886997 0.461774 0.000749005 32.2427 -0.00870483 0.0150989 0.999848 0
0.46421 -0.885633 -0.0127753 17.5333 0.885539 0.46436 -0.0138053 32.9974 0.0181587 -0.00490448 0.999823 0
0.443269 -0.884307 0.146676 18.0251 0.883463 0.458676 0.0954395 33.9475 -0.151674 0.0872771 0.98457 0
0.44259 -0.884238 0.149119 18.5143 0.883455 0.458471 0.0964966 34.8079 -0.153693 0.0890315 0.9841 0
0.440638 -0.896048 -0.0541901 18.9863 0.891981 0.443834 -0.0859147 35.7319 0.101035 -0.0104792 0.994828 0
0.461478 -0.886014 -0.0449128 19.3747 0.882533 0.463646 -0.0785429 36.5888 0.0904138 -0.00339123 0.995898 0
0.460164 -0.886521 -0.0482578 19.8937 0.882684 0.462665 -0.0825285 37.4621 0.0954905 -0.00461967 0.99542 0
0.459059 -0.886993 -0.0500774 20.3992 0.882968 0.461751 -0.0845779 38.3241 0.0981433 -0.00539052 0.995158 0
0.457968 -0.888404 0.0316857 20.892 0.88879 0.4583 0.00373846 39.1168 -0.0178428 0.0264498 0.999491 0
0.461576 -0.886783 0.0237226 21.2393 0.887084 0.461566 -0.00622916 40.0563 -0.00542564 0.0239192 0.999699 0
0.476449 -0.876974 -0.0625579 21.5891 0.8735 0.480249 -0.079742 40.8478 0.099975 -0.0166514 0.994851 0
0.475206 -0.877359 -0.0664883 22.039 0.873574 0.479481 -0.0834625 41.6284 0.105106 -0.0184207 0.99429 0
0.314958 -0.887969 0.33513 22.4331 0.858776 0.416969 0.297725 42.4984 -0.404109 0.194031 0.893895 0
0.309957 -0.890604 0.332793 22.8974 0.861052 0.411374 0.298932 43.3612 -0.403133 0.193896 0.894365 0
0.315178 -0.892845 0.321701 23.4206 0.860919 0.411628 0.298965 44.2749 -0.39935 0.182731 0.898403 0
0.452029 -0.891802 0.0189333 23.8055 0.891942 0.452145 0.0021332 44.9123 -0.010463 0.0159231 0.999818 0
0.451669 -0.891923 0.0216609 24.0653 0.89207 0.451868 0.00512401 45.8557 -0.0143581 0.0170087 0.999752 0
0.414061 -0.90763 0.0690061 24.4869 0.905992 0.418262 0.0650845 46.7243 -0.0879352 0.03557 0.995491 0
0.473494 -0.867223 -0.154037 24.8599 0.85558 0.494397 -0.153472 47.5381 0.20925 -0.0591231 0.976073 0
0.417194 -0.900325 0.12395 25.2844 0.896863 0.429907 0.103999 48.2508 -0.14692 0.0677782 0.986823 0
0.373996 -0.82758 -0.418614 25.6446 0.759978 0.53218 -0.37312 48.9097 0.531564 -0.178592 0.827976 0
0.420116 -0.797661 -0.432711 26.0231 0.729103 0.580592 -0.362384 49.5515 0.540288 -0.163248 0.825493 0
0.39687 -0.813246 -0.425587 26.372 0.751192 0.554218 -0.358542 50.1852 0.527451 -0.177403 0.830857 0
0.441732 -0.897019 0.0151254 26.7166 0.896929 0.441934 0.014572 50.858 -0.0197558 0.00712954 0.999779 0
0.437961 -0.898807 0.0183583 26.8481 0.898748 0.438227 0.014447 51.6705 -0.0210302 0.0101723 0.999727 0
0.437221 -0.899277 0.0117783 27.1404 0.899194 0.437353 0.0131282 52.4067 -0.0169572 0.00485106 0.999844 0
0.439698 -0.898137 0.00399702 27.5813 0.898122 0.439714 0.00538309 53.2309 -0.0065923 0.00122288 0.999978 0
0.42156 -0.905644 0.0457813 27.9509 0.906738 0.421588 -0.00952968 53.8782 -0.0106703 0.045529 0.998906 0
0.421944 -0.906616 0.00309954 28.2619 0.906129 0.421825 0.0315172 54.3681 -0.0298814 -0.0104899 0.999498 0
0.491777 -0.870357 -0.0251991 28.5228 0.870604 0.491029 0.0306472 54.8638 -0.0143005 -0.03701 0.999213 0
0.409492 -0.911928 0.0265459 28.7136 0.912239 0.409656 0.000845309 55.3996 -0.0116456 0.0238701 0.999647 0
0.499104 -0.865825 -0.0352353 28.9862 0.866538 0.49856 0.0234502 55.9505 -0.00273684 -0.0422368 0.999104 0
0.12516 -0.96188 0.24315 29.2877 0.992046 0.124642 -0.017578 56.4975 -0.0133988 0.243416 0.969829 0
0.58281 -0.8081 -0.0854805 29.5229 0.812402 0.581802 0.0388611 57.0075 0.0183291 -0.0920931 0.995582 0
0.597769 -0.796188 -0.0935737 29.8271 0.801493 0.595994 0.0489899 57.4817 0.0167642 -0.104283 0.994406 0
-0.14481 -0.915299 0.375844 30.1065 0.989268 -0.141412 0.0367737 58.0097 0.01949 0.377136 0.925953 0
-0.128539 -0.918131 0.374852 30.345 0.991686 -0.121318 0.0429101 58.4863 0.00607906 0.377251 0.926091 0
0.593553 -0.800553 -0.0825201 30.3755 0.804581 0.592632 0.0379135 59.0661 0.0185522 -0.0888978 0.995868 0
0.600785 -0.795357 -0.080399 30.685 0.799228 0.599752 0.0391491 59.4652 0.017082 -0.0877773 0.995994 0
0.610303 -0.787741 -0.0836394 30.9748 0.791949 0.609208 0.0410176 59.8605 0.0186426 -0.0912713 0.995652 0
0.287771 -0.952623 0.0984782 31.1952 0.956994 0.289981 0.0086069 60.3551 -0.036756 0.0917661 0.995102 0
0.312692 -0.945153 0.0943919 31.4737 0.949032 0.31501 0.0103643 60.7181 -0.0395303 0.0863401 0.995481 0
0.342044 -0.934934 0.0943658 31.7726 0.938706 0.344542 0.0110784 61.063 -0.0428705 0.0847924 0.995476 0
0.58284 -0.811874 0.0340337 31.91 0.811878 0.58357 0.0173344 61.3263 -0.0339344 0.017528 0.99927 0
0.662841 -0.739091 0.119944 32.2008 0.73515 0.672792 0.0830956 61.7528 -0.142113 0.0330977 0.989297 0
0.692846 -0.710678 0.122072 32.5414 0.706114 0.702986 0.0849346 62.1546 -0.146176 0.0273504 0.98888 0
0.177455 -0.983034 0.0464205 32.8428 0.982602 0.179609 0.0472629 62.5587 -0.0547985 0.0372259 0.997803 0
0.248398 -0.968646 -0.00490804 33.1111 0.968613 0.248433 -0.00838582 62.8775 0.0093422 -0.00267096 0.999953 0
0.288997 -0.957326 -0.00263753 33.4085 0.957309 0.289008 -0.00577507 63.0596 0.00629089 -0.000855955 0.99998 0
0.910008 -0.412712 0.0394295 33.7279 0.412609 0.910841 0.0110926 63.2641 -0.040492 0.00617464 0.999161 0
0.9275 -0.37196 0.0372768 34.1494 0.371224 0.928199 0.0252949 63.4118 -0.044009 -0.00962296 0.998985 0
0.837481 -0.546176 0.0178361 34.4881 0.546102 0.837668 0.00918441 63.9167 -0.019957 0.00204857 0.999799 0
0.724278 -0.688999 0.0264795 34.6773 0.688896 0.724719 0.0142964 63.9675 -0.0290405 0.00788706 0.999547 0
0.773246 -0.633506 0.0275947 35.0915 0.633446 0.773694 0.0119976 64.036 -0.0289504 0.00820269 0.999547 0
0.980745 0.193772 0.0243456 35.5473 -0.194587 0.980173 0.0373843 64.2139 -0.0166189 -0.0414017 0.999004 0
0.968183 0.250181 -0.00549342 35.9169 -0.249855 0.967675 0.0343149 64.1834 0.0139008 -0.0318505 0.999396 0
0.900182 -0.434391 0.0312531 36.1554 0.434755 0.900531 -0.00562989 64.4561 -0.0256988 0.0186554 0.999496 0
0.925699 -0.376894 0.0321285 36.6349 0.377209 0.926119 -0.00413301 64.5235 -0.0281971 0.0159451 0.999475 0
0.999095 -0.042264 0.00484194 37.1303 0.0417683 0.996173 0.0767794 64.5766 -0.00806842 -0.0765077 0.997036 0
0.744561 -0.642032 0.182823 37.4223 0.666827 0.728099 -0.158787 64.495 -0.0311668 0.240137 0.970238 0
0.814496 -0.552796 0.176104 37.8443 0.578185 0.798498 -0.167641 64.4584 -0.0479473 0.238364 0.969992 0
0.954863 0.296285 -0.0212516 38.1009 -0.292989 0.951193 0.0968972 64.6121 0.0489235 -0.0862971 0.995067 0
0.9274 -0.352577 0.124979 38.6397 0.369413 0.91579 -0.157679 64.5229 -0.0588605 0.1924 0.97955 0
0.912751 0.408516 3.33511e-05 39.0449 -0.406986 0.909326 0.0865323 64.3998 0.0353195 -0.078996 0.996249 0
0.975222 -0.195224 0.104069 39.3641 0.202971 0.976691 -0.0698418 64.1396 -0.088008 0.0892342 0.992115 0
0.749524 0.661665 -0.0203208 39.7498 -0.653346 0.744343 0.138176 64.1271 0.106552 -0.0902893 0.990199 0
0.724876 0.688651 -0.0177079 40.1042 -0.682078 0.721086 0.121673 64.0613 0.0965589 -0.0761194 0.992412 0
0.618693 0.785182 -0.0266042 40.473 -0.770045 0.612783 0.17756 63.9758 0.155719 -0.0893685 0.98375 0
0.952701 0.303167 0.0212377 40.8683 -0.303262 0.952906 0.00135315 63.8298 -0.0198273 -0.00772973 0.999774 0
0.944451 0.328164 0.0179316 41.2495 -0.328277 0.944574 0.00369602 63.7072 -0.0157248 -0.00937724 0.999832 0
0.936227 0.351117 0.0139927 41.648 -0.35118 0.936306 0.00218334 63.5763 -0.0123348 -0.00695806 0.9999 0
0.928242 0.371872 0.00884447 42.0576 -0.371878 0.928281 -0.00101517 63.4303 -0.00858767 -0.00234673 0.99996 0
0.921222 0.389031 0.00233463 42.4594 -0.389028 0.921224 -0.00155452 63.253 -0.00275548 0.000523825 0.999996 0
0.935407 0.353433 -0.00992841 42.5869 -0.353468 0.935445 -0.00193797 63.1651 0.00860254 0.00532217 0.999949 0
0.929361 0.369105 -0.00712213 42.88 -0.369113 0.929384 0.000127921 63.0294 0.00666641 0.00250999 0.999975 0
0.923591 0.38335 0.00467863 43.2708 -0.383376 0.923561 0.00765362 62.8386 -0.00138698 -0.00886249 0.99996 0
0.895242 0.442027 -0.0561527 43.9748 -0.442385 0.896801 0.00656226 62.4863 0.0532585 0.0189663 0.998401 0
0.889186 0.45737 0.0127158 44.5956 -0.457419 0.889251 0.00108589 62.1613 -0.0108109 -0.006782 0.999919 0
0.906573 0.422043 0.00208508 44.7697 -0.421993 0.906524 -0.011699 62.0619 -0.00682767 0.00972614 0.999929 0
0.902584 0.430514 0.00023853 45.3333 -0.43047 0.9025 -0.013755 61.7611 -0.006137 0.0123124 0.999905 0
0.899541 0.436835 -0.00102113 45.9108 -0.436799 0.899432 -0.0150996 61.4498 -0.0056776 0.0140288 0.999885 0
0.890611 0.454764 0.000852174 46.1988 -0.454713 0.890537 -0.0134195 61.281 -0.0068616 0.0115641 0.99991 0
0.914519 0.403178 -0.0331964 46.7834 -0.404345 0.913553 -0.0438851 60.9592 0.0126332 0.0535566 0.998485 0
0.912877 0.406891 -0.0330971 47.4111 -0.408026 0.911999 -0.0420951 60.6151 0.0130563 0.0519321 0.998565 0
0.911813 0.409258 -0.0332499 48.055 -0.410389 0.910969 -0.0414125 60.2616 0.0133412 0.0514059 0.998589 0
0.876037 0.482241 0.00163392 48.3988 -0.482209 0.87601 -0.00900075 60.0526 -0.00577186 0.0070971 0.999958 0
0.925797 0.376534 -0.0334891 49.0022 -0.377902 0.919644 -0.106984 59.699 -0.00948494 0.111701 0.993697 0
0.925615 0.376886 -0.0345668 49.649 -0.37834 0.919068 -0.110326 59.3235 -0.00981107 0.115198 0.993294 0
0.926161 0.37546 -0.0354399 50.322 -0.376988 0.919159 -0.114134 58.9484 -0.0102777 0.119067 0.992833 0
0.866122 0.499828 0.00226983 51.0232 -0.499768 0.866074 -0.0121665 58.5008 -0.008047 0.00940329 0.999923 0
0.887753 0.460118 -0.0136832 51.4846 -0.460305 0.887084 -0.0346549 58.2563 -0.00380715 0.0370635 0.999306 0
0.885958 0.463623 0.0114701 52.0624 -0.46235 0.884916 -0.0561708 57.9374 -0.0361921 0.0444618 0.998355 0
0.880535 0.467152 -0.0801705 52.6731 -0.466677 0.884054 0.0257158 57.5943 0.0828882 0.0147701 0.996449 0
0.894585 0.443997 -0.0508394 53.4675 -0.440676 0.89532 0.0648633 57.1542 0.0743166 -0.0356221 0.996598 0
0.903527 0.419726 -0.086419 54.2744 -0.423728 0.905153 -0.0339498 56.7202 0.0639727 0.0672928 0.99568 0
0.878045 0.478535 0.00637316 55.0494 -0.478443 0.878037 -0.0119764 56.3051 -0.011327 0.0074666 0.999908 0
0.922674 0.384855 -0.0236403 55.6651 -0.385576 0.920642 -0.0612343 55.9927 -0.0018021 0.0656144 0.997843 0
0.967643 0.203659 -0.148963 56.4285 -0.23098 0.952586 -0.198059 55.5913 0.101563 0.226058 0.968805 0
0.968575 0.196077 -0.153024 57.1611 -0.224239 0.954585 -0.196174 55.2163 0.107609 0.224323 0.968555 0
0.870553 0.491969 -0.0102169 57.8202 -0.491945 0.870612 0.00490569 54.9077 0.0113084 0.000755506 0.999936 0
0.768917 0.637844 0.0438353 58.4022 -0.638041 0.761157 0.116375 54.6162 0.0408637 -0.117452 0.992238 0
0.995107 -0.0155307 -0.0975785 59.0816 -0.0172888 0.944965 -0.326714 54.1805 0.0972824 0.326802 0.940073 0
0.995923 -0.0142356 -0.0890754 59.9094 -0.0172084 0.939351 -0.342524 53.7833 0.0885491 0.34266 0.935277 0
0.993009 -0.0617921 -0.10057 60.7636 0.0241817 0.940452 -0.339065 53.4103 0.115533 0.334263 0.935372 0
0.882666 0.469924 0.00846573 61.5103 -0.469956 0.882688 0.00209861 52.9196 -0.00648641 -0.00583089 0.999962 0
0.897737 0.440524 -0.00252784 61.8884 -0.440523 0.897669 -0.0114184 52.8775 -0.00276093 0.0113643 0.999932 0
0.890603 0.454708 0.00817996 62.7545 -0.454693 0.89064 -0.00371348 52.5922 -0.00897395 -0.000412136 0.99996 0
0.889874 0.456117 0.00904871 63.5729 -0.456128 0.889914 -0.000981209 52.1839 -0.00850012 -0.00325422 0.999959 0
0.884483 0.466512 0.0075311 64.2801 -0.46652 0.88451 -0.000718481 51.7753 -0.00699652 -0.00287793 0.999971 0
0.88258 0.47005 0.0102524 65.0815 -0.470079 0.882624 0.000486536 51.3303 -0.00882032 -0.00524885 0.999947 0
0.877302 0.479796 0.0117524 65.741 -0.47983 0.877361 0.00013778 50.9727 -0.010245 -0.00576002 0.999931 0
0.871326 0.490569 0.0115525 66.5023 -0.490648 0.871342 0.00526857 50.6758 -0.00748158 -0.0102589 0.999919 0
0.868942 0.494892 -0.00472579 67.1559 -0.494907 0.86884 -0.0135786 50.2036 -0.00261396 0.0141378 0.999897 0
0.864018 0.50343 -0.00565488 67.9148 -0.503456 0.863903 -0.0142492 49.7078 -0.00228822 0.0151586 0.999882 0
0.792932 0.60722 -0.0504184 68.618 -0.609284 0.790944 -0.0563997 49.241 0.00563114 0.0754403 0.997134 0
0.88535 0.464203 -0.0259208 69.3294 -0.464736 0.885204 -0.020819 48.8456 0.013281 0.0304784 0.999447 0
0.852818 0.515722 -0.0820469 69.9589 -0.519011 0.854429 -0.0240633 48.3609 0.0576933 0.0631049 0.996338 0
0.765539 0.464235 0.445461 70.6894 -0.556863 0.824881 0.0973413 47.8845 -0.322263 -0.322579 0.889994 0
0.754372 0.4301 -0.495921 71.2994 -0.55685 0.819325 -0.136474 47.4228 0.347623 0.379106 0.857576 0
0.802503 0.522809 0.287506 72.0406 -0.561745 0.824446 0.0687784 46.9824 -0.201075 -0.2167 0.955306 0
0.799327 0.462875 -0.383175 72.5862 -0.538385 0.834873 -0.114581 46.5022 0.266865 0.297883 0.916542 0
0.79172 0.480266 -0.377525 73.3108 -0.552066 0.827088 -0.105582 46.0632 0.261539 0.29201 0.91996 0
0.783363 0.550366 0.288859 73.7828 -0.592369 0.801807 0.0787682 45.724 -0.188258 -0.232815 0.954126 0
0.819705 0.52224 -0.235264 74.4354 -0.552526 0.82921 -0.0844217 45.2215 0.150995 0.19919 0.968258 0
0.812203 0.529982 -0.243814 75.0948 -0.562455 0.822325 -0.0861721 44.7488 0.154824 0.207123 0.965986 0
0.803573 0.531469 -0.267975 75.6714 -0.571883 0.814205 -0.100104 44.2642 0.164984 0.233691 0.958211 0
0.802355 0.58992 0.0906726 75.9167 -0.593932 0.804166 0.0237183 44.1324 -0.0589239 -0.0728839 0.995598 0
0.806285 0.59132 -0.0156681 76.3989 -0.591524 0.806087 -0.0179738 43.7977 0.00200157 0.0237601 0.999716 0
0.802242 0.596805 0.015206 77.1193 -0.596722 0.802386 -0.0100162 43.2477 -0.0181788 -0.00103828 0.999834 0
0.800744 0.598813 0.0152253 77.6267 -0.598695 0.800889 -0.011888 42.8412 -0.0193125 0.000403975 0.999813 0
0.835942 0.544869 0.0657173 78.1611 -0.543798 0.838495 -0.034782 42.383 -0.0740553 -0.00666125 0.997232 0
0.832757 0.553271 0.0201927 78.7992 -0.551343 0.83207 -0.0606717 41.8517 -0.0503696 0.0393917 0.997954 0
0.844466 0.535596 0.00381661 79.4275 -0.533873 0.842279 -0.0744662 41.316 -0.0430985 0.0608466 0.997216 0
0.787731 0.615904 0.0119248 79.9354 -0.615866 0.787819 -0.0070642 40.8762 -0.0137455 -0.0017794 0.999904 0
0.792706 0.609525 0.00981097 80.4002 -0.609467 0.792767 -0.00843599 40.5144 -0.0129198 0.0007078 0.999916 0
0.728912 0.684362 -0.0183471 80.7581 -0.684447 0.727898 -0.0411982 40.4582 -0.0148396 0.0425874 0.998983 0
0.735312 0.677405 -0.0209226 81.2476 -0.677577 0.734146 -0.043798 40.0131 -0.0143088 0.0463818 0.998821 0
0.826052 0.55982 -0.0651074 81.6134 -0.560595 0.828057 0.00740273 39.7572 0.0580568 0.0303838 0.997851 0
0.853703 0.449634 0.262716 82.0797 -0.474791 0.879279 0.0379773 39.4916 -0.213925 -0.157157 0.964126 0
0.86451 0.431667 0.257461 82.5373 -0.457184 0.888182 0.0459905 39.1723 -0.20882 -0.157466 0.965194 0
0.861821 0.5072 -0.00357723 82.9753 -0.50721 0.861818 -0.00289887 38.9424 0.00161261 0.00431272 0.999989 0
0.877842 0.478916 0.00571799 83.4784 -0.478925 0.877856 0.00020569 38.6317 -0.00492107 -0.00291905 0.999984 0
0.894865 0.446039 0.0162795 83.9778 -0.446137 0.89496 0.00278043 38.3354 -0.0133293 -0.009751 0.999864 0
0.90632 0.422584 -0.00253992 84.5156 -0.422585 0.906255 -0.0111553 38.1047 -0.00241223 0.0111836 0.999935 0
0.924902 0.380204 0.000900154 84.9639 -0.380162 0.924831 -0.0128142 37.9515 -0.00570449 0.0115096 0.999918 0
0.942121 0.335233 0.0052234 85.4412 -0.335158 0.942091 -0.0115583 37.8498 -0.00879566 0.00913868 0.99992 0
0.957883 0.287034 0.00840323 85.9386 -0.286952 0.957895 -0.00983319 37.7604 -0.0108719 0.00700773 0.999916 0
0.97216 0.234185 0.00792398 86.4366 -0.234098 0.972156 -0.0105414 37.7009 -0.010172 0.00839293 0.999913 0
0.984393 0.175905 0.00523522 86.9343 -0.175827 0.984338 -0.0127675 37.6709 -0.0073991 0.0116478 0.999905 0
0.993965 0.109694 1.48102e-05 87.4212 -0.109679 0.993831 -0.0164463 37.6411 -0.00181878 0.0163455 0.999865 0
0.999207 0.0395021 -0.00502898 87.8976 -0.0395891 0.999044 -0.0185547 37.6502 0.00429122 0.0187391 0.999815 0
0.999454 -0.0318714 -0.00867313 88.3647 0.031716 0.999344 -0.0175026 37.6995 0.00922527 0.017218 0.999809 0
0.979583 -0.201011 0.00355135 88.7829 0.200997 0.979584 0.00397266 37.8991 -0.0042774 -0.00317774 0.999986 0
0.96385 -0.266443 0.0013849 89.2582 0.266438 0.963847 0.00329482 38.0107 -0.00221271 -0.00280672 0.999994 0
0.94383 -0.330428 0.00116982 89.7244 0.330427 0.943831 0.00117224 38.1526 -0.00149145 -0.000719851 0.999999 0
0.928035 -0.372475 0.00354943 90.2629 0.37249 0.928018 -0.00575482 38.5072 -0.0011504 0.0066628 0.999977 0
0.793437 -0.608223 0.0228511 90.4713 0.60644 0.793194 0.0554412 38.6693 -0.051846 -0.0301313 0.9982 0
0.913783 -0.406054 -0.0109627 90.8453 0.405925 0.913824 -0.0122408 38.9138 0.0149884 0.00673539 0.999865 0
0.876828 -0.480802 -0.000929253 91.3409 0.48078 0.876804 -0.00811756 39.1357 0.00471771 0.00667094 0.999967 0
0.836001 -0.548666 0.00827382 91.8256 0.548704 0.836011 -0.00317805 39.3853 -0.00517331 0.00719673 0.999961 0
0.807183 -0.590181 0.0119424 92.1985 0.59022 0.807242 0.000308192 39.454 -0.00982232 0.0067999 0.999929 0
0.779691 -0.626075 0.0105382 92.5379 0.626052 0.77976 0.00582629 39.69 -0.011865 0.00205474 0.999928 0
0.755242 -0.655409 0.00698882 92.8744 0.655342 0.755269 0.00975698 39.9377 -0.0116733 -0.00278881 0.999928 0
0.741165 -0.671304 0.00507463 93.245 0.671248 0.741173 0.00937997 40.2952 -0.010058 -0.00354576 0.999943 0
0.732848 -0.680381 0.00385319 93.386 0.680289 0.732627 -0.0215454 40.7422 0.0118362 0.0184108 0.99976 0
0.705166 -0.708876 0.0153443 93.6675 0.688816 0.690022 0.222267 41.1116 -0.168148 -0.146166 0.974865 0
0.725528 -0.688184 -0.00345038 94.0678 0.6752 0.712791 -0.189826 41.5079 0.133095 0.135394 0.981812 0
0.649162 -0.760474 -0.0163524 94.498 0.738539 0.625 0.252855 42.02 -0.182069 -0.176221 0.967366 0
0.717314 -0.695717 0.0379246 94.8478 0.693434 0.707538 -0.136158 42.3386 0.0678945 0.123967 0.989961 0
0.710882 -0.702246 0.0386897 95.2518 0.699942 0.701028 -0.136529 42.6513 0.0687545 0.124137 0.98988 0
0.710063 -0.703262 0.0351187 95.674 0.701766 0.702701 -0.117201 42.9412 0.0577447 0.107865 0.992487 0
0.691732 -0.722113 -0.00774884 96.0616 0.722153 0.691711 0.00552124 43.2182 0.00137299 -0.00941507 0.999955 0
0.69448 -0.719477 -0.00709623 96.4686 0.719499 0.694493 0.00079177 43.63 0.00435862 -0.0056556 0.999974 0
0.698022 -0.716038 -0.00738248 96.8669 0.716034 0.698056 -0.00361643 44.0369 0.00774288 -0.00276176 0.999966 0
0.701242 -0.712838 -0.0110399 97.2667 0.712861 0.701301 -0.00232529 44.4533 0.00939989 -0.00623936 0.999936 0
0.704739 -0.709329 -0.0139904 97.6813 0.709423 0.704778 0.00276716 44.8847 0.00789726 -0.0118752 0.999898 0
0.70925 -0.70485 -0.0122805 98.1262 0.704952 0.709205 0.00844247 45.328 0.0027587 -0.014645 0.999889 0
0.712596 -0.701499 -0.0102578 98.5891 0.701569 0.712457 0.0143512 45.7991 -0.00275916 -0.0174232 0.999844 0
0.715579 -0.698468 -0.00946676 99.0292 0.698476 0.715286 0.0222956 46.2606 -0.00880132 -0.0225666 0.999707 0
0.717468 -0.696563 -0.00636602 99.5079 0.696488 0.717173 0.0237926 46.6865 -0.0120075 -0.0215043 0.999697 0
0.709168 -0.705033 0.00321749 99.7532 0.704885 0.7091 0.0177559 47.5271 -0.0148 -0.0103239 0.999837 0
0.712762 -0.701405 -0.00071215 100.183 0.701367 0.712713 0.011145 48.0985 -0.00730961 -0.00844323 0.999938 0
0.705419 -0.70784 0.0366861 100.726 0.707684 0.706265 0.0193355 48.5399 -0.0395965 0.0123225 0.99914 0
0.699607 -0.689682 -0.186788 101.229 0.696663 0.716486 -0.0361732 48.8851 0.158779 -0.104822 0.981734 0
0.588712 -0.716197 0.374807 101.766 0.747033 0.659174 0.0862074 49.2481 -0.308804 0.229242 0.923086 0
0.566258 -0.701887 0.432094 102.355 0.752039 0.654528 0.0776602 49.6561 -0.337326 0.280976 0.898478 0
0.550722 -0.732384 0.4004 102.957 0.767406 0.632956 0.102247 50.1183 -0.328319 0.25096 0.910618 0
0.708507 -0.705662 -0.00765112 103.536 0.705653 0.708285 0.0196413 50.6299 -0.00844092 -0.019315 0.999778 0
0.706708 -0.707453 -0.00867291 104.039 0.707473 0.706505 0.0182239 51.1649 -0.00676506 -0.0190148 0.999796 0
0.704948 -0.709157 -0.0119888 104.542 0.709258 0.704825 0.0132281 51.7088 -0.000930816 -0.0178283 0.999841 0
0.702707 -0.711279 -0.0169015 105.103 0.711474 0.702593 0.012951 52.2907 0.00266312 -0.0211258 0.999773 0
0.693083 -0.720855 -0.00208669 105.352 0.720822 0.693016 0.0120501 53.2379 -0.00724024 -0.00985583 0.999925 0
0.692098 -0.721778 -0.00608016 105.883 0.721802 0.692055 0.00782084 53.9527 -0.0014371 -0.00980146 0.999951 0
0.690016 -0.723788 -0.00294967 106.616 0.723784 0.689979 0.00811206 54.5631 -0.0038362 -0.00773237 0.999963 0
0.689907 -0.723895 0.00206655 107.342 0.723897 0.689909 -0.000268462 54.9877 -0.00123139 0.00168118 0.999998 0
0.683069 -0.730145 -0.0174297 107.981 0.730008 0.681819 0.0470172 55.3171 -0.0224455 -0.0448398 0.998742 0
0.693268 -0.720678 -0.00117463 108.54 0.720648 0.693223 0.0104077 55.821 -0.00668635 -0.00806184 0.999945 0
0.692066 -0.721834 0.000617584 109.097 0.721798 0.69204 0.00933544 56.4289 -0.00716603 -0.00601497 0.999956 0
0.692938 -0.720996 -0.00130233 109.65 0.72098 0.692909 0.00800777 57.0246 -0.00487117 -0.00648784 0.999967 0
0.694409 -0.71951 -0.0100445 110.215 0.719576 0.694288 0.0132449 57.6411 -0.00255605 -0.0164252 0.999862 0
0.696111 -0.717575 -0.0226829 110.821 0.71793 0.695665 0.0250348 58.27 -0.00218461 -0.0337118 0.999429 0
0.698523 -0.714972 -0.02968 111.414 0.71558 0.697724 0.0335622 58.8959 -0.00328752 -0.0446824 0.998996 0
0.684109 -0.72657 -0.0639546 111.741 0.728706 0.684612 0.0171416 59.6581 0.0313295 -0.0583309 0.997806 0
0.673463 -0.708073 -0.212322 112.375 0.726 0.687627 0.00962597 60.3597 0.139183 -0.160629 0.977152 0
0.681369 -0.710822 0.174555 113.046 0.719312 0.694401 0.0199261 61.0159 -0.135375 0.111983 0.984446 0
0.678918 -0.712461 0.177397 113.761 0.721715 0.691981 0.0170462 61.5868 -0.1349 0.116457 0.983992 0
0.680307 -0.709902 0.182265 114.476 0.720015 0.693801 0.0148105 62.1545 -0.13697 0.121158 0.983138 0
0.70456 -0.709467 -0.0158959 115.068 0.709622 0.704182 0.0237395 62.6134 -0.0056488 -0.028006 0.999592 0
0.705692 -0.708365 -0.0147678 115.665 0.70844 0.705147 0.0296778 63.2373 -0.0106092 -0.0314055 0.99945 0
0.70076 -0.713395 -0.00181019 115.96 0.713208 0.700514 0.024772 64.1656 -0.0164041 -0.0186503 0.999691 0
0.702863 -0.711294 -0.00666971 116.35 0.711175 0.70249 0.0271739 64.7737 -0.0146432 -0.0238429 0.999608 0
0.70498 -0.709176 0.00851362 117.038 0.708953 0.704991 0.0193247 65.4312 -0.0197066 -0.00758776 0.999777 0
0.704598 -0.709593 0.00440586 117.74 0.709571 0.704612 0.0056278 65.9022 -0.00709787 -0.000839075 0.999974 0
0.695235 -0.717745 -0.0386129 118.465 0.718435 0.695566 0.00627484 66.4036 0.0223541 -0.0321033 0.999235 0
0.69445 -0.718987 -0.0282431 119.182 0.719496 0.694312 0.0160165 66.9702 0.00809386 -0.0314434 0.999473 0
0.693261 -0.720567 -0.0131517 119.893 0.72057 0.692704 0.0306715 67.5364 -0.0129906 -0.0307401 0.999443 0
0.703344 -0.710817 0.00673095 120.451 0.71034 0.703167 0.0311983 68.0794 -0.0269093 -0.0171619 0.999491 0
0.702506 -0.711676 -0.0013113 120.983 0.71143 0.702212 0.0276549 68.6416 -0.0187605 -0.0203606 0.999617 0
0.697706 -0.716383 -0.00154323 121.186 0.716292 0.697579 0.0175605 69.5062 -0.0115035 -0.0133575 0.999845 0
0.69914 -0.714948 -0.00718855 121.77 0.714977 0.699052 0.0115622 70.2725 -0.00324122 -0.0132233 0.999907 0
0.696318 -0.717725 -0.00348216 122.253 0.71771 0.696246 0.0115981 70.7856 -0.00589982 -0.0105751 0.999927 0
0.691487 -0.722388 -0.00149885 122.954 0.722318 0.691388 0.0154732 71.372 -0.0101414 -0.0117822 0.999879 0
0.687452 -0.726229 -3.16058e-05 123.666 0.726143 0.68737 0.0154929 71.8809 -0.0112297 -0.0106736 0.99988 0
0.694551 -0.719124 -0.0214366 124.363 0.719297 0.694703 0.000511659 72.469 0.0145241 -0.0157747 0.99977 0
0.674802 -0.737927 0.0103071 124.932 0.737904 0.674873 0.0065383 72.9608 -0.0117808 0.00319361 0.999925 0
0.684699 -0.721116 -0.105731 125.345 0.725918 0.687699 0.0106353 73.6671 0.0650419 -0.0840342 0.994338 0
0.64735 -0.702495 0.295699 125.806 0.724698 0.68748 0.0467308 74.2442 -0.236115 0.184041 0.954138 0
0.645053 -0.703542 0.29822 126.454 0.726097 0.685938 0.0476669 74.7835 -0.238096 0.185789 0.953306 0
0.645011 -0.704845 0.295219 127.141 0.727543 0.684591 0.0449079 75.3247 -0.233758 0.185819 0.954374 0
0.680033 -0.733032 -0.0147869 127.765 0.733181 0.67988 0.0144511 75.8032 -0.000539867 -0.0206687 0.999786 0
0.675278 -0.737429 -0.0140673 128.291 0.737562 0.675187 0.0111738 76.4064 0.00125814 -0.0179209 0.999839 0
0.643334 -0.765105 0.0271413 128.746 0.765516 0.64335 -0.00929395 77.0998 -0.0103505 0.0267562 0.999588 0
0.759664 -0.633919 -0.145109 129.207 0.646867 0.759532 0.0683627 77.7281 0.0668786 -0.145799 0.987051 0
0.744634 -0.650379 -0.15009 129.817 0.665468 0.740801 0.0914657 78.2967 0.0516991 -0.167988 0.984432 0
0.72242 -0.674074 -0.154056 130.4 0.689134 0.720136 0.080611 78.875 0.0566032 -0.1644 0.984768 0
0.654631 -0.755948 0.000644987 130.966 0.75563 0.65438 0.0284792 79.462 -0.0219509 -0.018156 0.999594 0
0.64575 -0.763549 -0.000614322 131.173 0.763434 0.645638 0.0179075 80.4835 -0.0132766 -0.0120328 0.999839 0
0.640405 -0.768027 -0.00407595 131.818 0.768022 0.640348 0.00983912 81.1101 -0.00494669 -0.00943144 0.999943 0
0.634797 -0.772669 -0.00388141 132.447 0.772638 0.634702 0.0135712 81.8997 -0.00802251 -0.0116139 0.9999 0
0.6774 -0.73474 0.0358758 132.903 0.734686 0.678189 0.017189 82.4866 -0.03696 0.0147136 0.999208 0
0.529251 -0.842144 -0.103376 133.441 0.847187 0.531201 0.00992896 83.0289 0.0465516 -0.0928334 0.994593 0
0.785397 -0.541279 0.30028 133.946 0.566725 0.823902 0.00285414 83.5908 -0.248947 0.167935 0.953847 0
0.814062 -0.496215 0.301786 134.418 0.524919 0.850988 -0.0167132 84.0704 -0.248523 0.172019 0.953229 0
0.791777 -0.525603 0.311175 134.979 0.5534 0.832915 -0.00124472 84.5604 -0.258528 0.17319 0.950352 0
0.5996 -0.800027 -0.0208698 135.495 0.800275 0.599173 0.0235063 85.2599 -0.00630104 -0.0307959 0.999506 0
0.592444 -0.805394 -0.0187356 135.966 0.805519 0.591865 0.0288945 85.9328 -0.0121825 -0.0322103 0.999407 0
0.586358 -0.809925 -0.0143548 136.442 0.809844 0.585713 0.0330613 86.5789 -0.0183694 -0.0310109 0.99935 0
0.580615 -0.814075 -0.0129519 136.923 0.813895 0.57992 0.0356184 87.2581 -0.021485 -0.0312221 0.999282 0
0.576598 -0.816916 -0.0135037 137.415 0.816746 0.575886 0.0357999 87.9424 -0.0214689 -0.0316713 0.999268 0
0.572662 -0.819667 -0.0142525 137.545 0.819602 0.57207 0.0314557 89.0614 -0.0176298 -0.0296949 0.999404 0
0.568853 -0.822067 -0.0247351 137.942 0.822398 0.568266 0.0271125 89.9146 -0.0082322 -0.0357652 0.999326 0
0.566035 -0.823804 -0.0308403 138.548 0.824376 0.565506 0.0246448 90.6275 -0.0028621 -0.0393738 0.99922 0
0.565184 -0.824578 -0.0252772 139.126 0.824829 0.56427 0.0354293 91.5385 -0.014951 -0.0408734 0.999052 0
0.563095 -0.825932 -0.0275745 139.472 0.826284 0.562167 0.034983 92.1767 -0.0133921 -0.0424831 0.999007 0
0.553866 -0.832605 0.000837572 139.891 0.83037 0.552452 0.0726798 92.7367 -0.0609763 -0.0395594 0.997355 0
0.663945 -0.746974 -0.0347551 140.235 0.747047 0.664635 -0.0134356 93.2015 0.0331355 -0.0170432 0.999306 0
0.65712 -0.753302 -0.0270085 140.762 0.752938 0.657659 -0.0238767 93.702 0.0357487 -0.00464584 0.99935 0
0.315689 -0.948787 -0.0119424 141.351 0.934497 0.308703 0.17725 94.2311 -0.164486 -0.0671159 0.984093 0
0.570389 -0.803251 0.171593 141.65 0.807546 0.586585 0.0615401 95.056 -0.150086 0.103467 0.983244 0
0.559616 -0.811581 0.167827 142.209 0.815124 0.575583 0.0653976 95.7098 -0.149674 0.100203 0.983645 0
0.548317 -0.818888 0.169618 142.796 0.822532 0.564713 0.0673792 96.3752 -0.150962 0.102571 0.983204 0
0.522672 -0.852528 -0.00328823 143.353 0.852198 0.522354 0.0300875 96.971 -0.0239328 -0.0185281 0.999542 0
0.517438 -0.855708 0.00470916 143.778 0.855339 0.517364 0.0270224 97.6843 -0.0255596 -0.00995449 0.999624 0
0.512268 -0.858762 0.0105152 144.196 0.858534 0.512374 0.0197968 98.3773 -0.0223884 -0.00111362 0.999749 0
0.506088 -0.862481 0.000753568 144.311 0.862398 0.506051 0.0134901 99.4359 -0.0120163 -0.00617729 0.999909 0
0.499206 -0.866415 0.0108739 144.789 0.866414 0.499285 0.00638804 100.544 -0.0109639 0.00623237 0.99992 0
0.494851 -0.86887 0.0136544 145.265 0.868899 0.494957 0.00568723 101.521 -0.0116998 0.00904999 0.999891 0
0.490567 -0.871332 0.0111463 145.543 0.871259 0.490678 0.0119473 102.206 -0.0158793 0.00385033 0.999866 0
0.493191 -0.869511 -0.0267125 145.912 0.86989 0.493198 0.00677721 102.81 0.00728171 -0.0265794 0.99962 0
0.489049 -0.871849 -0.0266498 146.356 0.872248 0.488951 0.0105441 103.274 0.00383757 -0.0284018 0.999589 0
0.489884 -0.861191 -0.135516 146.749 0.859447 0.503141 -0.0905542 103.743 0.146168 -0.0721075 0.986628 0
0.246396 -0.830844 0.498987 147.24 0.762778 0.483862 0.429006 104.479 -0.597878 0.274911 0.752971 0
0.45731 -0.875674 0.155123 147.663 0.861334 0.47954 0.167767 105.152 -0.221297 0.0568915 0.973546 0
0.461814 -0.875978 0.139248 148.19 0.862956 0.480024 0.157744 105.848 -0.205023 0.0473167 0.977613 0
0.466167 -0.877753 -0.110623 148.543 0.875865 0.475515 -0.0821288 106.608 0.124692 -0.0586055 0.990463 0
0.46554 -0.878888 -0.104055 149.016 0.877407 0.473726 -0.0757649 107.345 0.115882 -0.0560269 0.991682 0
0.465245 -0.880285 -0.0929792 149.466 0.879591 0.471536 -0.0630365 108.064 0.0993331 -0.0524563 0.993671 0
0.473407 -0.880841 0.00215031 149.911 0.880704 0.473374 0.0166413 108.747 -0.0156763 -0.00598433 0.999859 0
0.469822 -0.882761 -0.000320695 149.912 0.882727 0.469801 0.00899863 109.949 -0.00779298 -0.00451084 0.999959 0
0.469721 -0.882795 0.00586061 150.328 0.882804 0.469672 -0.00809169 111.132 0.00439075 0.00897461 0.99995 0
0.46217 -0.885735 0.043275 150.725 0.884877 0.463828 0.0430826 111.683 -0.0582319 0.0183816 0.998134 0
0.47753 -0.865417 -0.151717 151.162 0.843729 0.499856 -0.195615 112.182 0.245125 -0.0345957 0.968874 0
0.476765 -0.85731 -0.194206 151.677 0.852688 0.50473 -0.1348 112.767 0.213587 -0.101329 0.971655 0
0.474363 -0.865865 -0.158926 152.18 0.852934 0.496736 -0.16049 113.33 0.217907 -0.0594233 0.974159 0
0.465408 -0.884996 0.0133537 152.696 0.885068 0.465461 0.000983616 114.109 -0.00708612 0.0113611 0.99991 0
0.466076 -0.884719 0.00667786 153.023 0.884734 0.466094 0.00135644 114.783 -0.00431258 0.00527592 0.999977 0
0.451479 -0.892243 -0.00828059 153.305 0.891939 0.451029 0.0319113 115.983 -0.0247379 -0.0217931 0.999456 0
0.331419 -0.942048 -0.0520293 153.604 0.924521 0.313263 0.217087 116.799 -0.188207 -0.120049 0.974765 0
0.59424 -0.803473 0.0362033 153.913 0.795982 0.581055 -0.169671 117.554 0.11529 0.129643 0.984836 0
0.414774 -0.909908 -0.00536871 154.257 0.907708 0.413345 0.0721904 118.117 -0.0634675 -0.034816 0.997376 0
0.417678 -0.908593 -0.0017516 154.754 0.905521 0.416106 0.0829972 118.678 -0.0746818 -0.0362522 0.996548 0
0.415669 -0.909369 -0.0163606 155.207 0.907892 0.413785 0.067193 119.338 -0.0543335 -0.0427837 0.997606 0
0.481281 -0.876449 -0.0143111 155.51 0.876542 0.481325 0.000448067 120.586 0.00649556 -0.0127599 0.999897 0
0.479927 -0.877187 -0.0145595 155.949 0.8773 0.479928 0.00368473 121.018 0.0037553 -0.0145414 0.999887 0
0.479495 -0.877393 -0.016284 156.385 0.877534 0.479498 0.00400358 121.445 0.00429542 -0.0162095 0.999859 0
0.460429 -0.887451 -0.0208751 156.632 0.887639 0.460003 0.0222402 122.294 -0.0101344 -0.0287696 0.999535 0
0.46089 -0.887159 -0.0230002 157.005 0.887413 0.460453 0.0219436 122.869 -0.00887695 -0.0305242 0.999495 0
0.472171 -0.881297 -0.0192213 157.208 0.881504 0.471998 0.0129888 123.581 -0.00237455 -0.0230766 0.999731 0
0.472676 -0.880979 -0.0212967 157.49 0.881226 0.472647 0.0067215 124.287 0.0041443 -0.0219443 0.999751 0
0.483516 -0.875122 -0.0193422 157.838 0.875326 0.483293 0.0152205 124.936 -0.00397184 -0.0242901 0.999697 0
0.560002 -0.828341 -0.0158037 158.175 0.828444 0.560072 2.43364e-05 125.483 0.00883106 -0.0131061 0.999875 0
0.227256 -0.972433 -0.0522397 158.519 0.97383 0.226763 0.0152681 126.063 -0.00300116 -0.0543423 0.998518 0
0.989088 0.143018 0.0353707 158.865 -0.139593 0.98652 -0.0853923 126.66 -0.0471065 0.079523 0.995719 0
0.281255 -0.958319 -0.0501969 159.225 0.959394 0.281967 -0.00755548 127.124 0.0213944 -0.0460336 0.998711 0
0.299201 -0.95419 0.000216465 159.606 0.954147 0.299189 0.00939468 127.684 -0.00902908 -0.00260436 0.999956 0
0.197397 -0.977319 -0.076688 159.918 0.98032 0.197 0.0127862 128.187 0.00261135 -0.0777028 0.996973 0
0.491742 -0.870596 -0.0158917 160.224 0.870699 0.491458 0.0187922 128.756 -0.00855026 -0.0230778 0.999697 0
0.492737 -0.870005 -0.0173776 160.123 0.870145 0.492794 0.00114278 129.896 0.00756934 -0.0156841 0.999848 0
0.502141 -0.864742 -0.00868406 160.364 0.864775 0.502059 0.0100569 130.925 -0.00433669 -0.0125597 0.999912 0
0.503931 -0.863633 -0.0138209 160.586 0.863735 0.503933 0.00359286 131.424 0.00386188 -0.0137481 0.999898 0
0.509812 -0.860211 -0.0113715 161.039 0.860285 0.509788 0.00513854 131.914 0.00137681 -0.0124024 0.999922 0
0.517922 -0.855426 -0.0017639 161.437 0.855362 0.517855 0.013501 132.576 -0.0106357 -0.00850123 0.999907 0
0.544909 -0.836497 0.057851 161.783 0.838475 0.543114 -0.044579 132.953 0.00587048 0.0727981 0.997329 0
0.548688 -0.833778 0.0612824 162.273 0.836016 0.546829 -0.0453422 133.272 0.00429431 0.0761118 0.99709 0
0.550326 -0.832743 0.0606662 162.769 0.834945 0.548604 -0.0436091 133.585 0.00303353 0.0746521 0.997205 0
0.530502 -0.847678 -0.0031457 163.31 0.847618 0.530411 0.0144124 133.809 -0.0105486 -0.0103122 0.999891 0
0.524925 -0.851142 0.00341943 163.131 0.85105 0.524921 0.0130736 135.004 -0.0129224 -0.00395254 0.999909 0
0.525848 -0.850564 0.00497869 163.433 0.850392 0.525847 0.0178579 135.827 -0.0178073 -0.00515671 0.999828 0
0.525858 -0.850572 0.000857976 163.87 0.850406 0.525775 0.0192527 136.202 -0.0168269 -0.00939455 0.999814 0
0.507443 -0.861422 -0.0213184 164.287 0.861537 0.50766 -0.00603621 136.561 0.0160222 -0.0153036 0.999754 0
0.505351 -0.862481 -0.027325 164.764 0.862553 0.505802 -0.01292 136.927 0.0249643 -0.0170401 0.999543 0
0.502246 -0.864289 -0.0274307 165.245 0.864122 0.502828 -0.0213735 137.293 0.0322658 -0.0129687 0.999395 0
0.607822 -0.793493 -0.0303541 165.436 0.777292 0.60236 -0.181602 138.062 0.162384 0.0867877 0.982904 0
0.453435 -0.891288 0.00123468 165.739 0.883995 0.4499 0.127053 138.804 -0.113797 -0.0565189 0.991895 0
0.661486 -0.732415 -0.161262 166.098 0.65282 0.668177 -0.356883 139.35 0.369137 0.130798 0.920125 0
0.661093 -0.734364 -0.153839 166.592 0.658902 0.666299 -0.349134 139.835 0.358894 0.129445 0.924359 0
0.446286 -0.893294 0.0534247 166.655 0.881749 0.449141 0.144189 140.918 -0.152798 -0.0172422 0.988107 0
0.552351 -0.827152 -0.103579 166.997 0.815453 0.561925 -0.138841 141.298 0.173046 -0.00777445 0.984883 0
0.319222 -0.910829 0.261702 167.405 0.84271 0.399151 0.361273 141.675 -0.433517 0.105213 0.894983 0
0.304926 -0.918494 0.251772 167.959 0.862282 0.378495 0.336469 142.113 -0.404339 0.1145 0.907414 0
0.270244 -0.924793 0.267819 168.47 0.839234 0.362595 0.40523 142.66 -0.471863 0.115252 0.874106 0
0.533519 -0.842762 -0.0714872 168.533 0.837719 0.538185 -0.0926461 143.677 0.116552 -0.0104577 0.99313 0
0.495701 -0.865316 -0.0742154 168.664 0.865355 0.499361 -0.0424101 144.242 0.0737584 -0.0431999 0.99634 0
0.388194 -0.838261 0.382915 169.02 0.853271 0.483909 0.19432 144.72 -0.348187 0.251296 0.903115 0
0.465473 -0.800827 -0.376844 169.517 0.816439 0.552903 -0.166512 145.249 0.341705 -0.230163 0.911187 0
0.502284 -0.806733 -0.311276 170.055 0.790501 0.574295 -0.212822 145.835 0.350455 -0.139167 0.926182 0
0.303005 -0.856069 0.418729 170.496 0.86065 0.434495 0.26551 146.398 -0.40923 0.279929 0.86843 0
0.488554 -0.805887 -0.334455 170.893 0.791775 0.570531 -0.218144 146.957 0.366617 -0.158238 0.916817 0
0.486777 -0.782126 -0.389008 171.296 0.761099 0.598299 -0.250532 147.459 0.428691 -0.17412 0.886514 0
0.4631 -0.745127 -0.479921 171.675 0.727597 0.628818 -0.27421 148.004 0.506104 -0.222202 0.833358 0
0.470389 -0.878235 0.0862419 171.737 0.881029 0.47294 0.0107478 148.811 -0.0502264 0.0709259 0.996216 0
0.256788 -0.815883 0.518068 171.969 0.89626 0.401607 0.18823 149.578 -0.361633 0.415988 0.834371 0
0.479617 -0.768459 -0.423601 172.289 0.791061 0.58757 -0.170249 150.098 0.379725 -0.25344 0.889706 0
