0.480565 -0.87665 0.0232866 0.687383 0.876925 0.48061 -0.00401009 0.55236 -0.0076763 0.0223477 0.999721 0.786151
0.479051 -0.877524 0.021471 1.12125 0.877766 0.479065 -0.00484275 1.3277 -0.00603638 0.0211665 0.999758 0.808033
0.477827 -0.878232 0.0197297 1.53375 0.878448 0.477787 -0.00701307 2.11217 -0.00326746 0.0206825 0.999781 0.802446
0.476353 -0.87911 0.015907 1.95518 0.879252 0.47631 -0.0066812 2.91951 -0.00170316 0.0171689 0.999851 0.807265
0.474872 -0.879972 0.0120836 2.37522 0.880055 0.47483 -0.00635576 3.72757 -0.000144776 0.0136524 0.999907 0.813455
0.473562 -0.880704 0.0099563 2.80174 0.880761 0.473536 -0.00497283 4.54903 -0.000335072 0.0111241 0.999938 0.821124
0.472378 -0.881337 0.0102644 3.23815 0.881394 0.472369 -0.00341391 5.37 -0.0018398 0.0106597 0.999941 0.827077
0.471192 -0.881967 0.0105705 3.67346 0.882024 0.471201 -0.00185457 6.19156 -0.00334515 0.0101973 0.999942 0.831629
0.469969 -0.882605 0.0117771 4.10628 0.882675 0.469981 -0.00190189 7.00908 -0.00385638 0.0112891 0.999929 0.828059
0.468743 -0.883239 0.0129837 4.53797 0.883324 0.46876 -0.00194754 7.8272 -0.0043661 0.0123817 0.999914 0.82402
0.467517 -0.88387 0.0141904 4.96852 0.883971 0.467538 -0.00199152 8.64592 -0.0048743 0.013475 0.999897 0.819513
0.466838 -0.884223 0.0145467 5.40401 0.884322 0.466878 -0.000731739 9.46545 -0.00614453 0.0132056 0.999894 0.819776
0.466777 -0.884237 0.0156622 5.84315 0.884332 0.466855 0.0015817 10.2869 -0.00871057 0.0131123 0.999876 0.814001
0.468373 -0.883369 0.0169114 6.29391 0.883445 0.468509 0.00500268 11.1315 -0.0123424 0.0125972 0.999844 0.814091
0.470354 -0.882268 0.0192311 6.74688 0.882361 0.470535 0.00600993 11.9826 -0.0143513 0.014142 0.999797 0.799798
0.472424 -0.881121 0.0210273 7.18849 0.881264 0.472605 0.00436577 12.8261 -0.0137844 0.0164681 0.999769 0.793822
0.473771 -0.880412 0.0204051 7.61653 0.880596 0.473868 -7.70986e-05 13.6687 -0.00960146 0.0180052 0.999792 0.795293
0.475115 -0.879701 0.0197761 8.04586 0.879907 0.475124 -0.00451907 14.5106 -0.00542069 0.0195482 0.999794 0.800748
0.475809 -0.879418 0.0151641 8.51589 0.879533 0.475833 -0.00219978 15.363 -0.00528104 0.014384 0.999883 0.80163
0.475888 -0.879369 0.0154957 8.97872 0.879461 0.475968 0.00171516 16.2457 -0.00888371 0.0128116 0.999878 0.804977
0.475723 -0.879333 0.0214896 9.45855 0.879501 0.475888 0.00305223 17.1068 -0.0129106 0.0174481 0.999764 0.778419
0.474609 -0.879633 0.0314903 9.93148 0.880086 0.474812 -0.0011491 17.9434 -0.0139412 0.0282595 0.999503 0.771143
0.473518 -0.880133 0.0338571 10.4071 0.880714 0.473615 -0.00561194 18.8267 -0.011096 0.0324758 0.999411 0.785396
0.472162 -0.880789 0.03569 10.8758 0.881479 0.472108 -0.0104761 19.7101 -0.00762231 0.0364064 0.999308 0.782614
0.470632 -0.881645 0.0347409 11.3347 0.882316 0.470477 -0.0130175 20.5954 -0.00486798 0.0367789 0.999312 0.78226
0.469862 -0.882176 0.03154 11.8063 0.882721 0.469784 -0.0102877 21.473 -0.0057414 0.0326749 0.99945 0.786616
0.46886 -0.882802 0.0288179 12.2753 0.883232 0.468902 -0.00571352 22.3617 -0.00846889 0.0281318 0.999568 0.779496
0.467866 -0.883415 0.0260903 12.7432 0.883729 0.467998 -0.00114196 23.2508 -0.0112014 0.023591 0.999659 0.769619
0.466579 -0.884127 0.0249868 13.2123 0.884381 0.466762 0.0017354 24.1445 -0.0131972 0.0212882 0.999686 0.76601
0.465779 -0.884514 0.0261789 13.6896 0.884761 0.466028 0.00401653 25.0206 -0.0157528 0.0212913 0.999649 0.779706
0.465723 -0.884459 0.0288747 14.1583 0.88475 0.466039 0.0049846 25.909 -0.0178654 0.0232254 0.999571 0.768834
0.466343 -0.884149 0.0283666 14.604 0.884405 0.466679 0.00624972 26.8115 -0.0187638 0.0221731 0.999578 0.77381
0.465974 -0.884416 0.0260242 15.0799 0.884622 0.466267 0.0062658 27.7239 -0.0176758 0.0201019 0.999642 0.776598
0.465955 -0.884477 0.0242129 15.5467 0.884673 0.466188 0.00471369 28.5926 -0.0154569 0.0192241 0.999696 0.772739
0.465669 -0.884672 0.0225457 16.0059 0.884844 0.465868 0.00425139 29.4677 -0.0142644 0.0179697 0.999737 0.765763
0.464763 -0.885117 0.0237398 16.4745 0.885307 0.464984 0.00452335 30.3631 -0.0150423 0.0189147 0.999708 0.7603
0.463855 -0.88556 0.0249336 16.9422 0.88577 0.4641 0.00479651 31.259 -0.0158193 0.0198605 0.999678 0.754053
0.463285 -0.885853 0.0251276 17.3897 0.886079 0.463517 0.00400594 32.1411 -0.0151957 0.0204091 0.999676 0.765444
0.462879 -0.886176 0.0208598 17.835 0.886355 0.463005 0.00140286 33.0169 -0.0109014 0.0178398 0.999781 0.757574
0.462646 -0.886353 0.0183594 18.3 0.886504 0.462721 -0.000172114 33.9129 -0.00834274 0.0163553 0.999831 0.742817
0.462723 -0.886312 0.018392 18.7418 0.886438 0.462841 0.00253404 34.785 -0.0107585 0.0151308 0.999828 0.746976
0.462608 -0.88632 0.0207661 19.1823 0.886447 0.462799 0.00535184 35.6502 -0.014354 0.0159323 0.99977 0.75742
0.462036 -0.886536 0.0240186 19.6325 0.886731 0.462263 0.00463063 36.5114 -0.0152081 0.0191585 0.999701 0.739594
0.461461 -0.886741 0.0272713 20.0822 0.887015 0.461724 0.00391141 37.3729 -0.0160602 0.0223851 0.99962 0.720936
0.46163 -0.886614 0.0285258 20.5267 0.88696 0.461844 0.00106273 38.2152 -0.0141167 0.0248107 0.999592 0.747081
0.461076 -0.886893 0.0288102 20.974 0.887248 0.461292 0.000960835 39.0688 -0.0141421 0.0251187 0.999584 0.74804
0.460075 -0.887299 0.0321093 21.4342 0.887721 0.460376 0.00224967 39.9376 -0.0167785 0.0274691 0.999482 0.728713
0.45902 -0.887637 0.0374263 21.8666 0.888149 0.459521 0.00561094 40.7866 -0.0221787 0.0306646 0.999284 0.727942
0.458214 -0.888043 0.0376667 22.2962 0.88851 0.45879 0.0078954 41.6438 -0.0242925 0.0298494 0.999259 0.704369
0.457303 -0.888481 0.0384131 22.7279 0.889015 0.457838 0.00601953 42.4988 -0.0229352 0.0313971 0.999244 0.710707
0.455945 -0.889304 0.0353878 23.1427 0.889859 0.456235 0.000148714 43.3324 -0.0162774 0.0314223 0.999374 0.715471
0.455367 -0.889778 0.0305966 23.5493 0.890237 0.455486 -0.00336564 44.125 -0.0109417 0.0287708 0.999526 0.719864
0.454758 -0.890223 0.0264383 23.9489 0.890554 0.454875 -0.00176474 44.9243 -0.0104551 0.0243473 0.999649 0.696478
0.454048 -0.890678 0.0230722 24.3597 0.890892 0.454211 0.00209747 45.7559 -0.0123478 0.0196025 0.999732 0.691349
0.452938 -0.891259 0.0224722 24.7808 0.891427 0.453141 0.00465836 46.5699 -0.0143349 0.0179224 0.999737 0.693819
0.452085 -0.89174 0.0204675 25.1604 0.891856 0.45228 0.00593691 47.3249 -0.0145512 0.0155701 0.999773 0.711349
0.4508 -0.892407 0.0197156 25.5376 0.8925 0.450996 0.00679829 48.0858 -0.0149585 0.0145315 0.999783 0.710525
0.449513 -0.893072 0.0189625 25.9137 0.893141 0.449711 0.00765859 48.8471 -0.0153673 0.0134936 0.999791 0.709346
0.448046 -0.893795 0.0196425 26.2787 0.89387 0.448256 0.00787806 49.5882 -0.0158462 0.0140281 0.999776 0.695684
0.446766 -0.89444 0.0194368 26.6455 0.894498 0.446986 0.00877635 50.3283 -0.0165379 0.0134652 0.999773 0.689436
0.445889 -0.8949 0.0183699 27.0115 0.894901 0.446122 0.0113108 51.0887 -0.0183173 0.0113959 0.999767 0.688247
0.444847 -0.895453 0.0165758 27.3517 0.89534 0.44509 0.0161545 51.8117 -0.0218434 0.0076547 0.999732 0.686819
0.443528 -0.896076 0.0182001 27.6887 0.895924 0.443826 0.0183811 52.4858 -0.0245486 0.0081534 0.999665 0.647454
0.4423 -0.896689 0.0178413 28.0064 0.896585 0.442573 0.0162829 53.1623 -0.0224968 0.00879426 0.999708 0.67876
0.440891 -0.897465 0.0131503 28.3396 0.897412 0.441037 0.0117356 53.8291 -0.016332 0.00662716 0.999845 0.699094
0.439823 -0.898028 0.0100747 28.6462 0.898026 0.439895 0.00647921 54.4745 -0.0102503 0.00619768 0.999928 0.689503
0.439452 -0.898237 0.00725159 28.9689 0.898231 0.439492 0.00523463 55.1135 -0.00788895 0.00421324 0.99996 0.681392
0.439047 -0.898444 0.00602541 29.2593 0.898401 0.439086 0.00891355 55.7439 -0.010654 0.00149977 0.999942 0.675905
0.437825 -0.899043 0.00557698 29.5416 0.898958 0.437861 0.0123664 56.3127 -0.0135599 -0.000400853 0.999908 0.69449
0.436572 -0.899625 0.00893635 29.7869 0.899609 0.436636 0.00721599 56.848 -0.0103936 0.00488892 0.999934 0.709861
0.436808 -0.899467 0.012578 30.0591 0.899531 0.436855 0.00117486 57.4103 -0.00655153 0.0108011 0.99992 0.712457
0.437375 -0.899151 0.0152184 30.3367 0.899276 0.43736 -0.00448747 57.9638 -0.002621 0.0156482 0.999874 0.725184
0.440513 -0.89766 0.012467 30.5926 0.897745 0.440493 -0.0043973 58.4823 -0.00154433 0.0131292 0.999913 0.719455
0.443931 -0.89601 0.00954967 30.8609 0.896055 0.443941 -0.00125251 59.0295 -0.00311722 0.00911306 0.999954 0.726712
0.448392 -0.893771 0.0108842 31.1159 0.893817 0.448431 0.00125019 59.5424 -0.0059982 0.00916793 0.99994 0.706129
0.453025 -0.891355 0.0159486 31.3567 0.891442 0.453125 0.00311783 60.0114 -0.0100058 0.0128048 0.999868 0.727871
0.45963 -0.887866 0.020862 31.6313 0.888009 0.459805 0.00432624 60.4753 -0.0134336 0.0165372 0.999773 0.738655
0.468862 -0.883034 0.0204821 31.8824 0.883147 0.469059 0.00592578 60.9256 -0.01484 0.0153103 0.999773 0.747429
0.481259 -0.876434 0.015887 32.1137 0.876449 0.481421 0.00848136 61.3782 -0.0150817 0.00984238 0.999838 0.758281
0.49779 -0.86723 0.0108396 32.3275 0.867157 0.497895 0.011822 61.825 -0.0156494 0.00351473 0.999871 0.748697
0.516004 -0.856525 0.0102694 32.6017 0.856425 0.516102 0.0132213 62.2275 -0.0166244 0.00197268 0.99986 0.733535
0.538636 -0.842399 0.015341 32.8371 0.842353 0.538811 0.0111906 62.6275 -0.0176928 0.00689492 0.99982 0.729428
0.563231 -0.826107 0.017818 33.0711 0.826056 0.563458 0.0121413 63.0064 -0.0200698 0.00788032 0.999768 0.743651
0.590407 -0.806875 0.0193054 33.3314 0.806798 0.590674 0.0134939 63.3304 -0.0222911 0.00760865 0.999723 0.749862
0.620279 -0.784117 0.0203401 33.6002 0.78402 0.620572 0.0142475 63.667 -0.0237942 0.00710959 0.999692 0.747898
0.652532 -0.757479 0.0206913 33.8581 0.757358 0.652832 0.0148059 64.0044 -0.0247231 0.00600938 0.999676 0.74002
0.686592 -0.72672 0.0216856 34.1414 0.726573 0.686915 0.0154785 64.3265 -0.0261447 0.0051288 0.999645 0.735206
0.722484 -0.6911 0.0199412 34.4067 0.690925 0.722755 0.0157292 64.5932 -0.025283 0.0024138 0.999677 0.729323
0.759126 -0.650675 0.0187136 34.6735 0.650487 0.759356 0.0156351 64.8478 -0.0243837 0.000303981 0.999703 0.726126
0.795861 -0.605212 0.0179697 34.996 0.605028 0.796064 0.014957 65.0922 -0.0233572 -0.00103151 0.999727 0.719504
0.83146 -0.555306 0.0175666 35.3412 0.555136 0.831644 0.0138549 65.2994 -0.0223028 -0.00176797 0.99975 0.713527
0.864918 -0.501635 0.0166915 35.6845 0.501466 0.865073 0.0134239 65.4591 -0.0211733 -0.00324038 0.999771 0.687762
0.895799 -0.444163 0.0162337 36.066 0.444015 0.895939 0.0120041 65.606 -0.0198762 -0.00354523 0.999796 0.684385
0.922708 -0.385136 0.0167588 36.4171 0.384987 0.92285 0.0114959 65.7143 -0.0198934 -0.00415543 0.999793 0.68794
0.945555 -0.324932 0.0185888 36.7769 0.324766 0.945726 0.0114108 65.7968 -0.0212877 -0.00475256 0.999762 0.697736
0.964243 -0.264186 0.0209906 37.1469 0.263966 0.964449 0.0126816 65.8987 -0.0235946 -0.00668735 0.999699 0.692488
0.978878 -0.203188 0.0226547 37.5242 0.202951 0.979111 0.01236 65.9961 -0.0246929 -0.00750116 0.999667 0.68316
0.989462 -0.142994 0.0227529 37.9424 0.142799 0.989701 0.0099839 65.9794 -0.0239462 -0.00662959 0.999691 0.661109
0.996209 -0.0840038 0.0226138 38.3376 0.0838838 0.996456 0.0062055 65.9674 -0.0230549 -0.00428504 0.999725 0.657943
0.999349 -0.0279363 0.0228113 38.7152 0.0277914 0.999592 0.00664557 65.97 -0.0229876 -0.00600729 0.999718 0.68438
0.999381 0.0271685 0.0223566 39.0715 -0.0273994 0.999574 0.0100869 65.9565 -0.022073 -0.0106932 0.999699 0.691177
0.996671 0.0786322 0.0215238 39.4786 -0.0788865 0.99682 0.0112273 65.9562 -0.0205725 -0.0128879 0.999705 0.674886
0.991933 0.125175 0.0200228 39.8801 -0.125309 0.992102 0.00556875 65.871 -0.0191676 -0.00803286 0.999784 0.615584
0.985549 0.168223 0.0198718 40.2705 -0.168117 0.985743 -0.00693558 65.7444 -0.0207552 0.00349458 0.999779 0.590905
0.978387 0.205652 0.0216096 40.6614 -0.205432 0.978598 -0.0119811 65.6705 -0.0236111 0.00728284 0.999695 0.604055
0.970553 0.239993 0.0207355 41.0524 -0.23983 0.970763 -0.0100656 65.5906 -0.0225449 0.00479617 0.999734 0.660994
0.962309 0.271215 0.0200814 41.4103 -0.271281 0.9625 0.000599543 65.5166 -0.0191658 -0.00602465 0.999798 0.684259
0.953958 0.299368 0.0185005 41.8062 -0.299539 0.954057 0.00717931 65.3859 -0.0155013 -0.0123904 0.999803 0.653446
0.945722 0.324528 0.0170744 42.1762 -0.324677 0.945801 0.00678299 65.2708 -0.0139477 -0.0119585 0.999831 0.645009
0.937306 0.348294 0.0121458 42.56 -0.348345 0.937364 0.00223065 65.1436 -0.0106081 -0.00632172 0.999924 0.62285
0.929354 0.369166 0.00422811 42.9193 -0.36916 0.929363 -0.00218696 65.0082 -0.0047368 0.000471609 0.999989 0.627262
0.921804 0.38765 -0.00229462 43.2827 -0.387653 0.921805 -0.00095407 64.8365 0.00174534 0.00176898 0.999997 0.625438
0.914608 0.404339 -0.00135025 43.7287 -0.404335 0.914607 0.00261554 64.6655 0.00229251 -0.00184624 0.999996 0.618193
0.908432 0.418024 0.00288166 44.1773 -0.418032 0.908425 0.00353965 64.433 -0.00113812 -0.00442015 0.99999 0.609059
0.90222 0.431241 0.00550913 44.5937 -0.431256 0.902227 0.00193835 64.2236 -0.0041346 -0.00412467 0.999983 0.618476
0.896584 0.442824 0.00670108 45.035 -0.442833 0.896604 -0.000137268 64.0031 -0.006069 -0.00284439 0.999978 0.618288
0.891147 0.453679 0.0056628 45.4558 -0.453664 0.891165 -0.00385312 63.7892 -0.00679456 0.000864693 0.999977 0.621531
0.886439 0.462832 0.00363685 45.9225 -0.462806 0.886438 -0.00613992 63.5347 -0.0060656 0.00375951 0.999975 0.613845
0.882754 0.469825 0.00301385 46.3936 -0.469801 0.882749 -0.00636892 63.2794 -0.00565275 0.00420628 0.999975 0.61615
0.8798 0.47534 0.0021535 46.8899 -0.475313 0.879785 -0.00748797 63.0218 -0.00545395 0.00556433 0.99997 0.619046
0.877185 0.480152 0.000666728 47.3625 -0.480127 0.877152 -0.00910124 62.7564 -0.0049548 0.00766336 0.999958 0.609669
0.874348 0.485299 0.00111083 47.8306 -0.485278 0.874328 -0.00750914 62.4789 -0.0046154 0.00602654 0.999971 0.60082
0.872182 0.489182 0.000548903 48.3839 -0.489162 0.872155 -0.00813625 62.1504 -0.00445883 0.00682779 0.999967 0.599026
0.870435 0.492283 -0.000202328 48.9295 -0.492264 0.870398 -0.00917322 61.8398 -0.00433972 0.00808429 0.999958 0.607337
0.868909 0.49497 0.000783353 49.5025 -0.49495 0.868887 -0.00774486 61.5128 -0.00451412 0.00634186 0.99997 0.608105
0.86799 0.496581 -0.000161474 50.076 -0.496557 0.867945 -0.010098 61.1905 -0.00487433 0.00884516 0.999949 0.597697
0.867452 0.497514 -0.00255787 50.683 -0.497496 0.867346 -0.0144614 60.8493 -0.00497619 0.0138171 0.999892 0.596794
0.86758 0.497292 -0.00218474 51.2698 -0.49727 0.867478 -0.0143138 60.5301 -0.00522294 0.0135048 0.999895 0.594096
0.868807 0.495138 -0.00356093 51.9069 -0.495116 0.868638 -0.0181374 60.1812 -0.00588736 0.017521 0.999829 0.587237
0.870187 0.492695 -0.00513912 52.5444 -0.492685 0.869946 -0.0213417 59.8328 -0.0060442 0.0211032 0.999759 0.593881
0.87225 0.48903 -0.00533058 53.1818 -0.489023 0.872001 -0.021704 59.4661 -0.00596563 0.0215381 0.99975 0.597516
0.874557 0.484898 -0.00486957 53.8518 -0.484877 0.874293 -0.0224962 59.0987 -0.00665096 0.0220354 0.999735 0.581925
0.876531 0.481322 -0.00477168 54.5248 -0.481281 0.87621 -0.0249901 58.7093 -0.00784729 0.0242011 0.999676 0.573214
0.878569 0.477604 -0.00321757 55.2391 -0.477532 0.878272 -0.0245095 58.3601 -0.00887993 0.0230698 0.999694 0.551917
0.880275 0.474459 0.00190732 55.9475 -0.474343 0.880136 -0.0189511 57.9749 -0.0106702 0.0157775 0.999819 0.544031
0.882773 0.4698 1.56118e-05 56.6818 -0.469682 0.882552 -0.0224004 57.6183 -0.0105375 0.0197672 0.999749 0.561636
0.88423 0.467051 -0.000999262 57.3913 -0.466988 0.884071 -0.0184661 57.2244 -0.00774121 0.0167949 0.999829 0.586772
0.884641 0.466255 -0.00404809 58.1197 -0.466266 0.884553 -0.0127253 56.8602 -0.0023525 0.0131448 0.999911 0.571779
0.884992 0.465581 -0.00487193 58.8303 -0.465606 0.884952 -0.0084739 56.4878 0.000366137 0.00976773 0.999952 0.572305
0.885118 0.465362 -0.00215474 59.5817 -0.465367 0.885104 -0.00504193 56.1199 -0.000439159 0.00546545 0.999985 0.561886
0.885162 0.465281 -0.00108614 60.3263 -0.465279 0.885147 -0.00549566 55.7293 -0.00159563 0.00536991 0.999984 0.585155
0.885304 0.465012 -0.000681101 61.0591 -0.465005 0.88528 -0.00711819 55.3368 -0.00270708 0.00661848 0.999974 0.58399
0.885253 0.465103 0.00241441 61.7771 -0.465095 0.885255 -0.00312906 54.9844 -0.0035927 0.00164708 0.999992 0.598161
0.885388 0.464845 0.00278248 62.511 -0.464839 0.885391 -0.00253141 54.61 -0.0036403 0.000947872 0.999993 0.602286
0.885514 0.464602 0.00319444 63.2414 -0.464599 0.88552 -0.00155366 54.2382 -0.00355057 -0.000108351 0.999994 0.606661
0.885226 0.465148 0.00352665 63.9821 -0.465156 0.885228 0.00160155 53.8627 -0.00237693 -0.00305817 0.999992 0.627725
0.883813 0.46782 0.00444579 64.6863 -0.467834 0.883811 0.00296243 53.5152 -0.00254336 -0.00469813 0.999986 0.622257
0.882228 0.470763 0.00750978 65.4234 -0.470807 0.882218 0.00577664 53.1254 -0.00390583 -0.00863196 0.999955 0.640752
0.879652 0.475473 0.0117509 66.1804 -0.475577 0.879632 0.00863452 52.6837 -0.00623098 -0.0131838 0.999894 0.646442
0.877108 0.480072 0.0145913 66.9168 -0.480217 0.877105 0.00885513 52.2808 -0.00854704 -0.0147739 0.999854 0.637168
0.873452 0.486682 0.0148862 67.6535 -0.486827 0.873459 0.00830641 51.8844 -0.00895995 -0.0145023 0.999855 0.649542
0.869004 0.494589 0.0146277 68.3934 -0.494743 0.868984 0.00979388 51.4806 -0.00786727 -0.0157479 0.999845 0.647932
0.864043 0.503247 0.0131661 69.0964 -0.503371 0.864025 0.00887092 51.0736 -0.00691155 -0.0142923 0.999874 0.65495
0.858574 0.512477 0.0147608 69.7939 -0.512627 0.858563 0.0091116 50.7021 -0.00800362 -0.0153898 0.99985 0.641909
0.852796 0.521977 0.0166786 70.4692 -0.522158 0.8528 0.00913646 50.3164 -0.00945447 -0.0165004 0.999819 0.64417
0.846606 0.531964 0.0165232 71.1429 -0.532129 0.846628 0.00770854 49.8767 -0.00988836 -0.0153186 0.999834 0.6442
0.84038 0.541756 0.0161693 71.8113 -0.541906 0.840412 0.00673658 49.4374 -0.00993927 -0.0144235 0.999847 0.650161
0.834478 0.550842 0.0148043 72.4549 -0.550969 0.834502 0.00626465 49.0226 -0.00890336 -0.0133844 0.999871 0.651602
0.828748 0.559427 0.014804 73.0962 -0.55957 0.828743 0.00820029 48.6007 -0.00768127 -0.0150799 0.999857 0.655697
0.822922 0.567961 0.0148393 73.7365 -0.568116 0.82289 0.00980983 48.164 -0.00663947 -0.0165031 0.999842 0.661465
0.817398 0.575921 0.0132698 74.3505 -0.576045 0.817369 0.00895605 47.7222 -0.00568832 -0.0149646 0.999872 0.66549
0.812283 0.583125 0.0127235 74.9632 -0.583241 0.812252 0.00875731 47.2829 -0.00522809 -0.0145343 0.999881 0.672136
0.806717 0.590804 0.0125877 75.5753 -0.590914 0.806695 0.00802255 46.8398 -0.00541467 -0.0139102 0.999889 0.688466
0.80114 0.598314 0.0140031 76.1663 -0.598451 0.801104 0.00938004 46.365 -0.00560576 -0.0158949 0.999858 0.693397
0.796422 0.604583 0.0138106 76.7588 -0.604698 0.79643 0.00628735 45.9317 -0.00719794 -0.0133586 0.999885 0.698285
0.793046 0.609013 0.0134645 77.3572 -0.609096 0.793091 0.00285681 45.4807 -0.00893875 -0.0104668 0.999905 0.702556
0.7909 0.611757 0.0151804 77.9357 -0.611846 0.790975 0.00164811 45.0562 -0.0109991 -0.0105916 0.999883 0.702715
0.789364 0.613741 0.0150553 78.5021 -0.613787 0.789469 -0.00187719 44.5966 -0.0130378 -0.00775896 0.999885 0.711876
0.788056 0.615398 0.0158986 79.0359 -0.61544 0.788179 -0.00267549 44.179 -0.0141775 -0.00767622 0.99987 0.7085
0.787983 0.615502 0.0154795 79.593 -0.61555 0.788095 -0.00196258 43.7389 -0.0134073 -0.00798191 0.999878 0.69429
0.788858 0.61444 0.012881 80.0919 -0.614448 0.788948 -0.00384053 43.3562 -0.0125222 -0.00488506 0.99991 0.69709
0.790753 0.612034 0.0111054 80.5992 -0.612029 0.790824 -0.00422374 42.9419 -0.0113675 -0.00345691 0.999929 0.715744
0.793764 0.608132 0.0106966 81.1133 -0.608139 0.793825 -0.00289878 42.5657 -0.0102541 -0.00420407 0.999939 0.713698
0.798801 0.601516 0.00974902 81.5888 -0.601519 0.798853 -0.00291451 42.2155 -0.00954116 -0.00353611 0.999948 0.713736
0.805128 0.593005 0.0107055 82.0352 -0.593021 0.805185 -0.00189796 41.8668 -0.00974544 -0.00482052 0.999941 0.716895
0.813389 0.581641 0.00961719 82.5283 -0.581655 0.813434 -0.00156889 41.551 -0.00873549 -0.00431776 0.999952 0.717809
0.822765 0.568303 0.00947433 83.0072 -0.568332 0.822799 0.000517306 41.2288 -0.00750148 -0.00581019 0.999955 0.720547
0.834819 0.550482 0.00691119 83.4925 -0.550504 0.834831 0.00170198 40.9113 -0.00483277 -0.00522548 0.999975 0.718017
0.847873 0.530173 0.00529511 83.9655 -0.530194 0.847868 0.00388307 40.6472 -0.00243086 -0.00609978 0.999978 0.730971
0.862162 0.506619 0.00363226 84.4491 -0.506632 0.862147 0.00522596 40.3722 -0.000483968 -0.00634585 0.99998 0.737335
0.878003 0.47864 0.00390542 84.9142 -0.478655 0.877986 0.00542157 40.1493 -0.000833927 -0.0066295 0.999978 0.740063
0.8955 0.44504 0.00441774 85.47 -0.445058 0.89549 0.00456226 39.9177 -0.00192566 -0.00605165 0.99998 0.726182
0.913346 0.40714 0.00606673 85.9587 -0.407165 0.913347 0.00378351 39.7224 -0.00400061 -0.00592582 0.999974 0.723394
0.931063 0.364697 0.0108534 86.4639 -0.364752 0.931098 0.00349891 39.5685 -0.00882949 -0.00721648 0.999935 0.735576
0.94781 0.31851 0.0143798 86.9818 -0.318602 0.947878 0.00455027 39.4381 -0.0121809 -0.0088942 0.999886 0.722786
0.962804 0.269654 0.0171976 87.4832 -0.2698 0.962892 0.00677568 39.3639 -0.0147323 -0.0111636 0.999829 0.723078
0.976439 0.21505 0.0179024 87.9792 -0.215216 0.976535 0.00788984 39.3387 -0.0157856 -0.0115568 0.999809 0.701925
0.987724 0.155316 0.0166853 88.4757 -0.155425 0.987832 0.00547625 39.3312 -0.0156318 -0.00800234 0.999846 0.744648
0.995876 0.0898218 0.0127509 89.0143 -0.0898808 0.995944 0.00413008 39.3251 -0.0123282 -0.00525911 0.99991 0.750436
0.999735 0.0216962 0.00768287 89.5056 -0.0217109 0.999763 0.00184226 39.2712 -0.00764108 -0.00200857 0.999969 0.757982
0.998888 -0.0470689 0.00256738 89.957 0.0470626 0.998889 0.0024462 39.3337 -0.00267967 -0.00232265 0.999994 0.762465
0.993206 -0.116373 -4.69027e-05 90.3954 0.116373 0.993197 0.00418634 39.4412 -0.000440595 -0.00416335 0.999991 0.745912
0.98274 -0.184975 -0.0025207 90.848 0.184983 0.982736 0.00344277 39.5691 0.00184035 -0.00384964 0.999991 0.729534
0.967532 -0.252732 -0.00289181 91.3096 0.252733 0.967536 0.000231758 39.7025 0.00273936 -0.00095509 0.999996 0.718625
0.94794 -0.318447 0.00105592 91.7784 0.318446 0.94794 0.00117668 39.8942 -0.00137566 -0.000779173 0.999999 0.752016
0.9239 -0.382573 0.00682109 92.184 0.382558 0.923925 0.0034507 40.0725 -0.00762232 -0.000578647 0.999971 0.730898
0.896802 -0.442297 0.010943 92.601 0.442268 0.896868 0.00511602 40.3 -0.0120773 0.000251694 0.999927 0.747288
0.866843 -0.498318 0.0161807 92.9763 0.498251 0.866994 0.00826409 40.573 -0.0181467 0.000898374 0.999835 0.723679
0.836997 -0.546914 0.017917 93.3879 0.546793 0.837189 0.0115149 40.8841 -0.0212975 0.000158929 0.999773 0.728953
0.808017 -0.588821 0.0199538 93.7178 0.5886 0.808263 0.0161855 41.1249 -0.0256582 -0.00133343 0.99967 0.759522
0.781143 -0.624105 0.0175424 94.0764 0.623743 0.781314 0.0222003 41.4375 -0.0275614 -0.00639969 0.9996 0.742658
0.757361 -0.652848 0.0139435 94.4096 0.65246 0.757431 0.0243564 41.7442 -0.0264623 -0.00934903 0.999606 0.73603
0.736717 -0.676129 0.00989982 94.7123 0.675817 0.736713 0.0229094 42.1174 -0.022783 -0.0101872 0.999689 0.701996
0.720241 -0.693604 0.0128868 95.0453 0.693372 0.720343 0.0184833 42.4161 -0.022103 -0.00437706 0.999746 0.690307
0.708523 -0.705513 0.015714 95.4143 0.705295 0.708696 0.0175699 42.7511 -0.0235322 -0.00136568 0.999722 0.686271
0.699946 -0.714079 0.0129042 95.6915 0.713817 0.700049 0.0199291 43.1609 -0.0232645 -0.00473805 0.999718 0.698265
0.692837 -0.72103 0.00961889 96.0052 0.72071 0.692842 0.0233739 43.5421 -0.0235176 -0.00926186 0.999681 0.698835
0.688692 -0.725044 0.0037819 96.3621 0.72472 0.688524 0.026773 43.9295 -0.0220156 -0.0156976 0.999634 0.662863
0.686774 -0.726868 -0.00231986 96.6814 0.726613 0.686441 0.0288338 44.3217 -0.0193659 -0.0214879 0.999582 0.662181
0.686461 -0.727153 -0.0043553 97.0427 0.726976 0.686133 0.0269693 44.7255 -0.0166225 -0.0216795 0.999627 0.656651
0.6886 -0.725129 -0.00435707 97.4068 0.725018 0.688359 0.0225876 45.1319 -0.0133797 -0.0187128 0.999735 0.646085
0.691642 -0.722217 -0.00579136 97.8309 0.722207 0.691511 0.0151521 45.5711 -0.00693829 -0.0146624 0.999868 0.61881
0.694072 -0.719828 -0.0105956 98.2543 0.719903 0.693952 0.0130835 45.9797 -0.00206507 -0.0167087 0.999858 0.624539
0.698032 -0.715939 -0.01355 98.6556 0.716061 0.697824 0.0172863 46.4205 -0.00292044 -0.021769 0.999759 0.638264
0.702247 -0.711743 -0.0164457 99.07 0.711911 0.701857 0.0240545 46.872 -0.00557808 -0.0286001 0.999575 0.623898
0.705194 -0.70886 -0.0148077 99.5369 0.708944 0.704677 0.0287881 47.2972 -0.00997205 -0.030799 0.999476 0.612503
0.70816 -0.70601 -0.0077627 99.9708 0.705891 0.70772 0.0291626 47.7587 -0.0150953 -0.0261314 0.999545 0.588384
0.711047 -0.703131 -0.00449452 100.405 0.702863 0.710566 0.0328649 48.2152 -0.0199146 -0.0265275 0.99945 0.547148
0.713277 -0.700882 0.000483147 100.866 0.70056 0.71297 0.029805 48.6695 -0.0212342 -0.0209207 0.999556 0.554999
0.713557 -0.700588 0.00357156 101.38 0.700364 0.713441 0.0221878 49.1374 -0.0180926 -0.0133309 0.999747 0.550647
0.713414 -0.700742 0.000889577 101.838 0.700637 0.713328 0.0164594 49.6423 -0.0121684 -0.0111191 0.999864 0.564749
0.713172 -0.700986 -0.00205149 102.308 0.700961 0.713115 0.0109679 50.1327 -0.0062254 -0.00926001 0.999938 0.570401
0.710957 -0.703182 -0.00865071 102.824 0.703231 0.710857 0.0121588 50.6471 -0.0024004 -0.0147278 0.999889 0.560992
0.708959 -0.705168 -0.0107412 103.369 0.705229 0.708739 0.0184472 51.1605 -0.00539567 -0.0206533 0.999772 0.541206
0.707428 -0.706769 -0.00471662 103.892 0.706666 0.707171 0.023055 51.6381 -0.0129591 -0.0196428 0.999723 0.543163
0.706064 -0.708144 -0.00221646 104.378 0.707905 0.705737 0.0284107 52.1536 -0.0185546 -0.0216288 0.999594 0.513854
0.704447 -0.709744 -0.00416705 104.879 0.709509 0.704034 0.0305396 52.6496 -0.0187416 -0.0244701 0.999525 0.528853
0.703434 -0.710731 -0.00657477 105.42 0.710602 0.70305 0.02766 53.2463 -0.0150364 -0.024129 0.999596 0.518069
0.700485 -0.713555 -0.0126466 105.952 0.713611 0.700098 0.0249484 53.8197 -0.00894816 -0.0265007 0.999609 0.534912
0.697517 -0.716468 -0.0119359 106.518 0.716541 0.697249 0.0203213 54.3994 -0.00623729 -0.022727 0.999722 0.524528
0.694355 -0.719541 -0.0114978 107.083 0.719602 0.694088 0.0203482 54.9865 -0.00666085 -0.0224027 0.999727 0.522859
0.691997 -0.721843 -0.00906557 107.63 0.721852 0.691751 0.0202458 55.5906 -0.00834317 -0.020554 0.999754 0.509804
0.690656 -0.723145 -0.0074058 108.202 0.723101 0.690387 0.0221589 56.1704 -0.0109112 -0.0206593 0.999727 0.482984
0.689384 -0.724362 -0.00696145 108.757 0.724274 0.68906 0.0249697 56.744 -0.0132902 -0.0222557 0.999664 0.457766
0.68916 -0.724589 -0.00536744 109.338 0.724456 0.688843 0.0256668 57.3243 -0.0149005 -0.021577 0.999656 0.461801
0.688614 -0.725127 -0.00148309 109.895 0.724935 0.688381 0.0244908 57.9363 -0.016738 -0.0179399 0.999699 0.451555
0.689031 -0.724723 -0.0035217 110.437 0.724555 0.688749 0.0253817 58.529 -0.0159691 -0.0200404 0.999672 0.471026
0.689509 -0.7242 -0.010552 111.036 0.724147 0.689037 0.0289588 59.1617 -0.0137012 -0.0276086 0.999525 0.460005
0.690059 -0.723558 -0.016826 111.612 0.723662 0.689415 0.031939 59.7863 -0.0115096 -0.0342161 0.999348 0.44524
0.691882 -0.721678 -0.0219085 112.188 0.721924 0.691013 0.0364155 60.4244 -0.0111412 -0.0410116 0.999097 0.447811
0.69398 -0.719644 -0.0224668 112.771 0.719875 0.692956 0.0399024 61.0394 -0.013147 -0.0438648 0.998951 0.442485
0.695871 -0.717787 -0.0233693 113.381 0.71806 0.694838 0.0398728 61.6627 -0.0123823 -0.0445269 0.998931 0.432153
0.697565 -0.716123 -0.0239118 113.984 0.716438 0.696585 0.0385326 62.2893 -0.0109375 -0.0440104 0.998971 0.428437
0.698623 -0.715196 -0.0205107 114.597 0.71541 0.697831 0.034936 62.9257 -0.0106731 -0.0390806 0.999179 0.422056
0.698729 -0.715193 -0.0166695 115.225 0.715315 0.698138 0.0304574 63.5576 -0.0101452 -0.0332054 0.999397 0.420339
0.699419 -0.714522 -0.0164939 115.857 0.714645 0.698851 0.0298323 64.2215 -0.00978906 -0.0326525 0.999419 0.439004
0.700233 -0.71372 -0.0166585 116.477 0.713814 0.699554 0.0330619 64.8462 -0.0119435 -0.0350421 0.999314 0.429025
0.701655 -0.712353 -0.0153213 117.095 0.712335 0.700825 0.0377257 65.4623 -0.0161364 -0.0373843 0.999171 0.397889
0.702167 -0.711882 -0.0136144 117.667 0.7117 0.701164 0.0430453 66.0982 -0.0210973 -0.0399143 0.99898 0.388145
0.703738 -0.710254 -0.0170914 118.228 0.710282 0.702822 0.0392532 66.692 -0.0158676 -0.0397637 0.999083 0.402437
0.70394 -0.709911 -0.0222503 118.815 0.710249 0.703416 0.0274243 67.2576 -0.00381758 -0.0351083 0.999376 0.382687
0.703665 -0.71011 -0.0244996 119.417 0.710518 0.703447 0.0180585 67.8679 0.00441063 -0.0301146 0.999537 0.421982
0.702847 -0.71107 -0.0196372 120.003 0.711336 0.702474 0.0230583 68.4687 -0.00260143 -0.0301751 0.999541 0.442118
0.701962 -0.712189 -0.00602002 120.627 0.711915 0.701397 0.0349217 69.0854 -0.0206484 -0.0287995 0.999372 0.397336
0.701416 -0.712731 0.00539942 121.228 0.71193 0.700951 0.0427021 69.7143 -0.0342198 -0.0261079 0.999073 0.354758
0.700882 -0.713274 0.00214205 121.799 0.712666 0.700402 0.0392893 70.3147 -0.0295243 -0.0260106 0.999226 0.35188
0.700321 -0.713748 -0.0107 122.365 0.713618 0.699672 0.0347711 70.9146 -0.0173313 -0.0319866 0.999338 0.386199
0.699239 -0.714694 -0.0166546 122.955 0.714829 0.698693 0.0291197 71.5256 -0.00917524 -0.0322669 0.999437 0.354543
0.697659 -0.716211 -0.0177264 123.545 0.716388 0.697134 0.0281549 72.1242 -0.00780716 -0.0323415 0.999446 0.359995
0.695169 -0.718675 -0.0156863 124.121 0.71878 0.694641 0.0288206 72.71 -0.00981632 -0.0313101 0.999462 0.365818
0.692799 -0.720924 -0.0172772 124.662 0.721073 0.692242 0.0292184 73.3147 -0.00910429 -0.0327006 0.999424 0.366887
0.689878 -0.723581 -0.0223343 125.222 0.723886 0.68919 0.0317193 73.9277 -0.00755899 -0.0380499 0.999247 0.371313
0.686167 -0.726971 -0.0262295 125.8 0.727409 0.685334 0.03456 74.5281 -0.00714815 -0.0427935 0.999058 0.382759
0.684474 -0.728402 -0.0304509 126.346 0.729009 0.683481 0.037412 75.1187 -0.00643835 -0.0478065 0.998836 0.382845
0.683404 -0.729434 -0.0297479 126.911 0.729992 0.68232 0.0393753 75.7501 -0.00842414 -0.048625 0.998782 0.397874
0.682845 -0.730057 -0.0271747 127.485 0.730463 0.681662 0.0419652 76.3733 -0.0121131 -0.0485059 0.998749 0.379337
0.681255 -0.731586 -0.0259527 128.04 0.731934 0.680101 0.0416499 76.9539 -0.01282 -0.0473699 0.998795 0.369025
0.680203 -0.732529 -0.0269197 128.585 0.732959 0.679196 0.0382619 77.5789 -0.00974421 -0.0457569 0.998905 0.379369
0.676672 -0.73588 -0.0244218 129.131 0.736253 0.675962 0.0317236 78.1872 -0.00683653 -0.0394471 0.999198 0.379397
0.671786 -0.740326 -0.0249245 129.668 0.740722 0.671116 0.03058 78.763 -0.00591195 -0.0390053 0.999222 0.378989
0.667102 -0.744657 -0.0214754 130.208 0.744896 0.666367 0.0329174 79.365 -0.0102017 -0.0379562 0.999227 0.374794
0.662613 -0.748817 -0.014772 130.747 0.748751 0.661827 0.0368424 79.9836 -0.0178117 -0.0354728 0.999212 0.369241
0.659241 -0.75184 -0.0117389 131.269 0.751518 0.658279 0.0434677 80.5816 -0.0249533 -0.0374777 0.998986 0.338951
0.656429 -0.754273 -0.0131636 131.83 0.753865 0.655225 0.0486524 81.215 -0.028072 -0.0418604 0.998729 0.322341
0.652734 -0.757454 -0.0141885 132.342 0.757115 0.651552 0.0475001 81.83 -0.0267346 -0.0417472 0.99877 0.343452
0.647592 -0.7618 -0.016912 132.859 0.761765 0.646706 0.0385428 82.4666 -0.0184248 -0.037843 0.999114 0.35376
0.642599 -0.765962 -0.01921 133.382 0.766102 0.641908 0.0322584 83.092 -0.0123776 -0.035446 0.999295 0.332594
0.637019 -0.770545 -0.0216263 133.905 0.770759 0.636269 0.0330489 83.714 -0.0117055 -0.0377215 0.99922 0.320449
0.631122 -0.77528 -0.0250362 134.418 0.775535 0.630039 0.039972 84.3868 -0.0152157 -0.0446436 0.998887 0.336436
0.625177 -0.77997 -0.0282998 134.922 0.78034 0.623959 0.0417665 85.0133 -0.0149187 -0.0481949 0.998727 0.330297
0.617793 -0.785636 -0.0332843 135.416 0.786272 0.616624 0.0393849 85.6912 -0.0104182 -0.0505022 0.99867 0.319525
0.611329 -0.790634 -0.0342562 135.929 0.791344 0.610343 0.0354465 86.366 -0.00711721 -0.048778 0.998784 0.299017
0.604427 -0.79594 -0.0338611 136.436 0.796614 0.603389 0.0364281 87.036 -0.00856318 -0.0489923 0.998762 0.293581
0.598855 -0.800234 -0.0315879 136.922 0.800712 0.597528 0.0426679 87.7298 -0.0152696 -0.0508447 0.99859 0.280504
0.592248 -0.805193 -0.0300962 137.406 0.805457 0.5906 0.0493024 88.4128 -0.0219231 -0.0534405 0.99833 0.277361
0.586 -0.809775 -0.0294766 137.917 0.809959 0.584287 0.0507402 89.0949 -0.0238653 -0.0536086 0.998277 0.258363
0.58085 -0.813501 -0.0288056 138.404 0.813613 0.579097 0.0517787 89.8052 -0.0254408 -0.0535123 0.998243 0.250293
0.576966 -0.81627 -0.0285044 138.882 0.816363 0.57523 0.0516008 90.4518 -0.0257237 -0.0530418 0.998261 0.25252
0.573185 -0.818752 -0.0332357 139.343 0.819119 0.571387 0.0506154 91.1324 -0.022451 -0.056236 0.998165 0.271312
0.57022 -0.820444 -0.0414941 139.809 0.821335 0.568394 0.0483416 91.8351 -0.0160766 -0.0616459 0.997969 0.251742
0.567625 -0.822051 -0.0450878 140.254 0.823199 0.565915 0.0456427 92.5159 -0.0120048 -0.0630242 0.99794 0.213671
0.564867 -0.824022 -0.0437415 140.723 0.824997 0.562824 0.0510772 93.2384 -0.01747 -0.0649384 0.997736 0.210457
0.563045 -0.825414 -0.0408942 141.184 0.826022 0.560532 0.0590883 93.9434 -0.0258498 -0.0670488 0.997415 0.189562
0.560683 -0.827157 -0.0380229 141.674 0.827385 0.557842 0.0651663 94.6494 -0.032692 -0.0679973 0.99715 0.161449
0.556672 -0.830002 -0.0348386 142.104 0.830101 0.554124 0.0622841 95.309 -0.032391 -0.0635913 0.99745 0.1499
0.551781 -0.833538 -0.0274061 142.555 0.833626 0.550274 0.0476036 95.976 -0.0245986 -0.0491132 0.99849 0.143669
0.546454 -0.837072 -0.0264243 142.983 0.837273 0.545324 0.0399358 96.6509 -0.0190194 -0.0439474 0.998853 0.128091
0.540203 -0.840675 -0.0380285 143.427 0.841312 0.53847 0.0473721 97.3693 -0.0193473 -0.0575843 0.998153 0.1315
0.533889 -0.844731 -0.0373088 143.883 0.845187 0.531837 0.0529904 98.056 -0.0249205 -0.0598239 0.997898 0.101612
0.528264 -0.848519 -0.0308613 144.317 0.848577 0.52635 0.0535917 98.7602 -0.0292297 -0.0544987 0.998086 0.094818
0.522893 -0.852105 -0.0223523 144.749 0.851746 0.521287 0.0528161 99.4581 -0.0333529 -0.0466557 0.998354 0.0509364
0.517853 -0.855331 -0.0153648 145.191 0.854815 0.516671 0.0484012 100.159 -0.0334605 -0.0381988 0.99871 0.052484
0.512333 -0.85873 -0.00986703 145.616 0.858285 0.511607 0.0400639 100.864 -0.0293561 -0.0289948 0.999148 0.0845847
0.506468 -0.862248 -0.00431874 146.048 0.862046 0.506225 0.0247692 101.607 -0.0191709 -0.0162677 0.999684 0.0576323
0.500485 -0.865745 -0.000987829 146.491 0.865655 0.500416 0.0150129 102.348 -0.012503 -0.00836887 0.999887 0.0205848
0.494374 -0.869229 -0.00598648 146.948 0.869043 0.494095 0.0251788 103.085 -0.0189282 -0.0176502 0.999665 0.0226635
0.490459 -0.871439 -0.00655803 147.341 0.870895 0.489854 0.0398075 103.844 -0.0314773 -0.0252353 0.999186 -0.0192635
0.486476 -0.873667 -0.00693126 147.795 0.872813 0.485613 0.0487656 104.635 -0.039239 -0.029773 0.998786 -0.0466423
0.483697 -0.875218 -0.00550052 148.199 0.874334 0.482904 0.048423 105.389 -0.0397245 -0.0282313 0.998812 -0.0286636
0.481396 -0.876465 -0.00825699 148.573 0.875974 0.480756 0.0392929 106.15 -0.0304692 -0.0261483 0.999194 -0.00994313
0.478668 -0.877757 -0.0204824 148.965 0.877764 0.477875 0.0341485 106.899 -0.0201861 -0.0343245 0.999207 -0.0439628
0.476435 -0.87884 -0.0255172 149.345 0.879053 0.4756 0.0327229 107.658 -0.0166222 -0.0380213 0.999139 -0.0797907
0.475178 -0.879695 -0.0184895 149.729 0.879667 0.47448 0.0324893 108.376 -0.0198078 -0.0317028 0.999301 -0.100941
0.474607 -0.880085 -0.0140713 150.164 0.879742 0.473786 0.0397649 109.119 -0.0283296 -0.0312518 0.99911 -0.143514
0.474715 -0.880042 -0.0131293 150.562 0.879469 0.473717 0.046112 109.901 -0.034361 -0.0334368 0.99885 -0.162422
0.472879 -0.880996 -0.0152121 150.943 0.880453 0.471771 0.047262 110.666 -0.034461 -0.0357428 0.998767 -0.163909
0.471041 -0.88193 -0.0179032 151.341 0.881684 0.470084 0.0406797 111.396 -0.0274606 -0.0349468 0.999012 -0.15288
0.469189 -0.882903 -0.0185445 151.746 0.882928 0.468585 0.0294272 112.097 -0.0172917 -0.0301804 0.999395 -0.154171
0.467492 -0.883967 -0.00737351 152.147 0.883929 0.467336 0.0163078 112.858 -0.0109697 -0.0141415 0.99984 -0.182905
0.466739 -0.884351 -0.00888028 152.544 0.884288 0.466502 0.0202745 113.654 -0.0137871 -0.0173156 0.999755 -0.205019
0.465043 -0.885232 -0.00997507 152.93 0.88496 0.464535 0.0324374 114.417 -0.0240809 -0.0239123 0.999424 -0.230718
0.464218 -0.885665 -0.00999339 153.314 0.885228 0.463553 0.0385904 115.164 -0.0295457 -0.0267608 0.999205 -0.221745
0.463282 -0.886192 -0.00571616 153.694 0.885804 0.462865 0.03327 115.948 -0.0268378 -0.0204768 0.99943 -0.214703
0.463506 -0.886004 -0.0126035 154.11 0.885845 0.462991 0.0302894 116.674 -0.0210012 -0.025204 0.999462 -0.229533
0.463075 -0.886121 -0.0187174 154.482 0.886094 0.462379 0.0322912 117.435 -0.0199594 -0.0315386 0.999303 -0.251867
0.462389 -0.886492 -0.0180904 154.846 0.886412 0.461656 0.0338635 118.247 -0.0216681 -0.0316937 0.999263 -0.267798
0.461989 -0.886668 -0.0196359 155.242 0.886504 0.461028 0.0395538 118.967 -0.0260184 -0.0356807 0.999025 -0.258581
0.461639 -0.88684 -0.0201141 155.618 0.886604 0.460546 0.042785 119.699 -0.0286799 -0.0375845 0.998882 -0.296598
0.461264 -0.886993 -0.0218622 155.985 0.886808 0.460099 0.043357 120.452 -0.0283986 -0.0393866 0.99882 -0.311748
0.460706 -0.887278 -0.0221035 156.38 0.887172 0.459635 0.0407768 121.194 -0.0260208 -0.0383957 0.998924 -0.302831
0.4595 -0.887751 -0.0275458 156.723 0.887932 0.458422 0.0377475 121.903 -0.0208828 -0.0418038 0.998908 -0.298701
0.458461 -0.888243 -0.0289382 157.096 0.888486 0.457361 0.0375901 122.646 -0.020154 -0.0429447 0.998874 -0.332452
0.45677 -0.889206 -0.0259645 157.447 0.88913 0.455409 0.0452817 123.391 -0.0284403 -0.0437692 0.998637 -0.360909
0.455533 -0.889986 -0.020346 157.803 0.889464 0.454087 0.0515568 124.063 -0.0366459 -0.0415828 0.998463 -0.428979
0.45455 -0.890653 -0.0110002 158.228 0.889818 0.453498 0.0506316 124.74 -0.0401066 -0.0328027 0.998657 -0.390068
0.454286 -0.890735 -0.0146762 158.504 0.890184 0.453243 0.046294 125.426 -0.0345838 -0.0340952 0.99882 -0.370683
0.45499 -0.890293 -0.0190488 158.837 0.890021 0.453943 0.0424152 126.057 -0.0291149 -0.0362524 0.998918 -0.412723
0.455167 -0.890242 -0.0170971 159.18 0.890087 0.454405 0.035528 126.734 -0.0238596 -0.031389 0.999222 -0.383515
0.45611 -0.889795 -0.0151577 159.503 0.889719 0.455573 0.0292306 127.386 -0.0191038 -0.0268185 0.999458 -0.420298
0.458544 -0.888563 -0.013899 159.795 0.888541 0.458151 0.0243723 127.995 -0.0152885 -0.0235256 0.999606 -0.399374
0.462391 -0.886556 -0.0145993 160.092 0.886551 0.461985 0.024439 128.591 -0.0149219 -0.0242434 0.999595 -0.390814
0.467343 -0.883998 -0.0117522 160.399 0.88387 0.466906 0.0277787 129.173 -0.0190692 -0.0233697 0.999545 -0.378488
0.472904 -0.881075 -0.00828279 160.704 0.8807 0.472373 0.0350808 129.771 -0.0269962 -0.0238845 0.99935 -0.404118
0.478086 -0.878278 -0.00785753 161.026 0.877755 0.477445 0.0399035 130.384 -0.0312948 -0.0259743 0.999173 -0.424629
0.483195 -0.875424 -0.012472 161.343 0.874991 0.482366 0.0413912 130.987 -0.0302188 -0.0309129 0.999065 -0.451397
0.489986 -0.871625 -0.0135091 161.638 0.871437 0.48936 0.0335331 131.542 -0.0226175 -0.0282031 0.999346 -0.441847
0.49679 -0.867711 -0.0166556 161.943 0.867763 0.496334 0.0252803 132.135 -0.0136693 -0.0270121 0.999542 -0.460302
0.503094 -0.863971 -0.0212364 162.279 0.864178 0.502638 0.0234662 132.72 -0.00959992 -0.0301578 0.999499 -0.434608
0.50929 -0.860301 -0.0224791 162.595 0.860536 0.508775 0.0250229 133.301 -0.0100904 -0.032088 0.999434 -0.459093
0.513897 -0.857683 -0.0169876 162.929 0.857708 0.513348 0.0284717 133.84 -0.0156991 -0.0292019 0.99945 -0.445015
0.51919 -0.854579 -0.0116909 163.304 0.854398 0.518646 0.0317897 134.378 -0.0211034 -0.0264936 0.999426 -0.476959
0.523957 -0.851708 -0.00793348 163.653 0.851446 0.523503 0.0313829 134.931 -0.0225758 -0.0231982 0.999476 -0.470574
