1 -2.65805e-05 0.000301011 -0.00184869 2.67637e-05 1 -0.000608654 0.00565046 -0.000300995 0.000608662 1 -0.101301
0.999991 -9.07277e-05 0.00418173 -0.000213048 9.91087e-05 0.999998 -0.00200403 0.009832 -0.00418154 0.00200443 0.999989 -0.419381
0.999995 0.000180463 -0.00312643 0.0324328 -0.000170143 0.999995 0.00330077 -0.000412689 0.00312701 -0.00330022 0.99999 -0.830706
0.999905 0.000229226 0.0138023 0.0281432 -0.000287745 0.999991 0.00423799 -0.00575681 -0.0138012 -0.00424156 0.999896 -1.41688
0.99992 0.00204489 0.0124472 0.0693307 -0.00268962 0.998643 0.052003 -0.146188 -0.012324 -0.0520323 0.998569 -2.05215
0.999712 0.00390682 -0.0236648 0.22944 -0.0018826 0.996382 0.0849626 -0.292202 0.0239111 -0.0848936 0.996103 -2.29579
0.999556 0.00492022 0.0293871 0.124768 -0.00672688 0.998072 0.0616991 -0.257048 -0.0290269 -0.0618694 0.997662 -2.43249
0.999637 0.00741484 0.0258892 0.169841 -0.0100113 0.99477 0.101649 -0.397643 -0.0250001 -0.101872 0.994483 -2.04998
0.997483 0.0170777 0.0688165 -0.0812786 -0.0253344 0.992334 0.120958 -0.432061 -0.0662233 -0.122397 0.990269 -1.36967
0.998027 0.0208259 0.0592391 -0.123726 -0.0290338 0.989546 0.141264 -0.303264 -0.0556779 -0.142705 0.988198 -0.444143
0.998816 0.0265602 0.0407632 -0.183796 -0.0333668 0.983713 0.176622 -0.127216 -0.0354082 -0.177773 0.983434 0.242405
0.998506 0.0308651 0.0450788 -0.124865 -0.0407543 0.970326 0.238342 0.106901 -0.0363847 -0.239823 0.970134 1.08011
0.995617 0.0327294 0.0876092 0.129865 -0.0606499 0.939033 0.338436 0.458605 -0.0711911 -0.342266 0.936902 1.43272
0.994027 0.0488811 0.0975758 0.367091 -0.0641544 0.985012 0.160109 -0.241089 -0.0882871 -0.165412 0.982265 1.57256
0.990791 0.0387084 0.129749 0.76198 -0.0669238 0.97303 0.220758 -0.26661 -0.117704 -0.227408 0.96666 1.71677
0.996976 0.00460915 0.0775762 0.832441 -0.0295058 0.945941 0.322994 0.0783182 -0.0718938 -0.324306 0.943216 1.59863
0.998586 0.00185645 0.0531207 0.940522 -0.0174666 0.955351 0.294958 0.001308 -0.0502013 -0.295469 0.954032 1.57115
0.998622 -0.0154692 0.0501578 1.1886 0.000509539 0.958398 0.285435 0.0749403 -0.0524866 -0.285016 0.957085 1.53362
0.995786 0.011655 0.090966 1.44928 -0.0322101 0.973149 0.227913 -0.242681 -0.0858671 -0.229882 0.969423 1.24085
0.99373 0.00564605 0.111661 1.96575 -0.0277339 0.979957 0.197268 -0.262176 -0.108309 -0.199128 0.97397 1.0422
0.985491 0.0264989 0.167647 1.95359 -0.0571461 0.981872 0.180727 -0.44775 -0.159819 -0.187685 0.96914 0.814955
0.993228 0.070437 0.0923965 2.27512 -0.0872625 0.97731 0.193001 -0.652728 -0.0767056 -0.199757 0.976838 1.20522
0.990408 0.00675382 0.138008 2.55641 -0.0151748 0.99808 0.0600576 -0.318293 -0.137338 -0.0615758 0.988609 0.75921
0.981829 0.00754771 0.18962 2.4875 -0.0190942 0.998067 0.0591402 -0.300002 -0.188807 -0.0616862 0.980075 0.781784
0.980442 -0.0060929 0.196712 2.77973 0.00143664 0.999716 0.0238045 -0.22467 -0.196801 -0.0230564 0.980172 0.39888
0.988631 -0.0207558 0.148919 3.03265 0.0218306 0.999746 -0.00558631 -0.06479 -0.148765 0.0087738 0.988834 0.754812
0.987439 -0.00276389 0.157978 3.19261 -0.00123561 0.999681 0.0252131 -0.287428 -0.157997 -0.0250916 0.987121 0.632615
0.986483 -0.0162083 0.163058 3.23306 0.0206633 0.999457 -0.0256623 -0.0820113 -0.162553 0.0286847 0.986283 0.724052
0.993587 0.00957722 0.112663 3.74987 -0.00954722 0.999954 -0.000805872 -0.405194 -0.112666 -0.000274918 0.993633 0.575088
0.996973 0.0150393 0.0762869 3.99984 -0.0142529 0.99984 -0.010843 -0.415251 -0.0764377 0.0097229 0.997027 0.735529
0.999089 0.0263684 0.0335602 4.06815 -0.0258988 0.999562 -0.0143512 -0.444397 -0.033924 0.013469 0.999334 0.933531
0.999435 0.0328112 0.00733712 4.35245 -0.0326227 0.999168 -0.0244828 -0.53138 -0.00813433 0.0242296 0.999673 0.966772
0.999656 -0.00609879 -0.0255077 5.01968 0.00607129 0.999981 -0.0011554 -0.392629 0.0255143 0.00100014 0.999674 1.28092
0.999457 -0.0183152 -0.0274015 5.67291 0.0179893 0.999765 -0.0120956 -0.395158 0.0276166 0.0115961 0.999551 1.34796
0.996386 -0.00683125 -0.0846673 5.75709 0.00437654 0.999566 -0.0291442 -0.406926 0.0848296 0.0286683 0.995983 1.31197
0.996516 -0.00253917 -0.0833662 6.06593 -0.000632552 0.999278 -0.0379972 -0.430645 0.0834025 0.0379175 0.995794 1.26796
0.994563 -0.0329186 -0.098792 6.48718 0.0309007 0.999283 -0.0218871 -0.274363 0.0994417 0.0187154 0.994867 1.4176
0.992527 -0.0501912 -0.11122 6.85883 0.0480315 0.998603 -0.0220147 -0.168258 0.11217 0.0165081 0.993552 1.48486
0.998871 -0.0458713 -0.0123173 7.28988 0.0457224 0.998881 -0.0121037 -0.141746 0.0128587 0.0115269 0.999851 1.05764
0.999997 -0.000991302 0.00223439 7.38713 0.00103653 0.999793 -0.0203305 -0.38387 -0.00221377 0.0203327 0.999791 0.909558
0.997522 -0.0526037 0.0467239 7.72173 0.0537367 0.998282 -0.0233323 -0.113735 -0.0454163 0.0257853 0.998635 0.692253
0.999496 -0.0265139 0.0174364 8.04806 0.0268667 0.999432 -0.0203203 -0.232905 -0.0168877 0.0207786 0.999641 0.860465
0.997909 -0.0216182 0.0609078 8.68637 0.0225731 0.999632 -0.0150341 -0.208333 -0.0605604 0.0163776 0.99803 0.547388
0.99189 -0.0255397 0.124508 9.11255 0.0273795 0.999539 -0.0130876 -0.153232 -0.124117 0.0163905 0.992132 0.178237
0.992797 -0.00726419 0.119589 9.55102 0.00759961 0.999968 -0.00234888 -0.245312 -0.119569 0.0032408 0.992821 0.180276
0.998063 -0.00656158 0.0618687 10.1222 0.00692528 0.99996 -0.0056659 -0.235521 -0.061829 0.00608338 0.998068 0.403473
0.998755 0.013166 0.04811 10.7463 -0.0132471 0.999911 0.00136726 -0.325652 -0.0480878 -0.00200288 0.998841 0.354812
0.999479 -0.0287828 0.0146189 11.4221 0.0289526 0.999514 -0.0115414 -0.119001 -0.0142796 0.0119587 0.999827 0.457671
0.99869 0.0445938 -0.0250843 11.8121 -0.0445963 0.999005 0.000460687 -0.441335 0.0250799 0.000658586 0.999685 0.636192
0.999374 -0.0342283 -0.00893973 12.5346 0.0342353 0.999414 0.000630807 -0.104528 0.00891289 -0.000936467 0.99996 0.548339
0.999139 -0.0404263 -0.00935085 12.8733 0.0404175 0.999182 -0.00112831 -0.0358883 0.00938882 0.000749403 0.999956 0.509641
0.994806 -0.0222352 -0.0993355 13.133 0.0215186 0.999734 -0.00827914 -0.102206 0.0994932 0.00609857 0.99502 0.894137
0.993868 -0.0648852 -0.0895361 13.5829 0.0656599 0.997826 0.00573083 0.129511 0.0889695 -0.0115746 0.995967 0.861118
0.991416 -0.0510961 -0.120351 14.214 0.0505733 0.998693 -0.00739653 0.100224 0.120572 0.00124648 0.992704 1.10136
0.990456 -0.088842 -0.105375 14.7313 0.0904121 0.995852 0.0102091 0.343303 0.104031 -0.0196388 0.99438 1.05901
0.990302 -0.0804644 -0.113257 15.4548 0.0808821 0.996723 -0.000909946 0.373444 0.112959 -0.00825933 0.993565 1.21267
0.988349 -0.0630327 -0.138539 15.8574 0.0615844 0.997993 -0.0147207 0.299141 0.139189 0.00601732 0.990247 1.37733
0.992555 -0.0622351 -0.104701 16.4773 0.0620942 0.99806 -0.00460843 0.356358 0.104785 -0.00192719 0.994493 1.28827
0.99631 -0.0489851 -0.0704702 16.8284 0.0489998 0.998798 -0.00152145 0.316814 0.07046 -0.00193719 0.997513 1.15111
0.994605 -0.0750201 -0.0716456 17.657 0.0751797 0.99717 -0.000470281 0.543374 0.0714781 -0.00491855 0.99743 1.29821
0.998198 -0.0588868 0.0115308 18.2482 0.0588063 0.998243 0.00720087 0.530315 -0.0119346 -0.00650982 0.999908 0.96436
0.999407 -0.0337327 0.00695855 18.6861 0.0336804 0.999404 0.00750088 0.458436 -0.00720743 -0.00726206 0.999948 1.03947
0.999269 -0.0197876 -0.0327193 19.2633 0.0200104 0.999779 0.00649462 0.444314 0.0325835 -0.00714459 0.999443 1.29023
0.998871 0.0429513 0.0203101 19.751 -0.0432068 0.99899 0.0123148 0.178819 -0.0197607 -0.0131784 0.999718 1.08677
0.998537 0.0421105 0.0339278 20.3348 -0.0422731 0.999098 0.00408978 0.203278 -0.033725 -0.00551802 0.999416 1.05926
0.996477 0.0825528 0.0147859 20.933 -0.0827536 0.996478 0.0135255 0.00407922 -0.0136173 -0.0147015 0.999799 1.16632
0.990664 0.134635 0.0213859 21.7811 -0.134965 0.99074 0.0148003 -0.31046 -0.0191953 -0.0175485 0.999662 1.13464
0.994194 0.0835064 0.0678585 22.4628 -0.0828239 0.996482 -0.0128139 -0.100853 -0.0686898 0.00711924 0.997613 0.89116
0.995727 0.0844277 0.0374232 23.2852 -0.0844936 0.996424 0.000178552 -0.187544 -0.0372743 -0.00333981 0.999299 1.01013
0.989622 0.0734995 0.123472 24.1977 -0.0707687 0.997144 -0.0263649 -0.203656 -0.125057 0.0173534 0.991998 0.55151
0.997035 0.0630366 0.0441297 24.6584 -0.0628796 0.998009 -0.00493602 -0.171395 -0.044353 0.00214653 0.999014 0.910387
0.999524 0.0240229 0.0193747 25.4879 -0.023954 0.999706 -0.00377876 -0.0416176 -0.0194598 0.00331286 0.999805 1.00282
0.99986 0.0167108 0.000629514 26.0762 -0.016709 0.999856 -0.00284629 -0.0350673 -0.000676988 0.00283537 0.999996 1.08616
0.998656 0.037721 -0.0355399 26.9653 -0.0378623 0.999277 -0.00331022 -0.185508 0.0353893 0.00465139 0.999363 1.24229
0.997319 -0.0214623 -0.0699618 27.8283 0.0215436 0.999768 0.000408219 0.0555218 0.0699368 -0.00191435 0.99755 1.42661
0.999118 -0.0285705 -0.030784 28.6785 0.0287949 0.999562 0.00687063 0.0778238 0.0305742 -0.00775099 0.999502 1.2553
0.992813 -0.0759938 -0.0924471 29.0948 0.0761619 0.997094 -0.00171363 0.273961 0.0923087 -0.00533964 0.995716 1.53196
0.997973 -0.0452459 -0.0447541 29.9662 0.0453723 0.998968 0.00181347 0.14234 0.0446258 -0.00384039 0.998996 1.34294
0.997646 -0.0671704 0.0137782 30.6095 0.0669349 0.997614 0.0168973 0.256407 -0.0148804 -0.0159353 0.999762 1.04768
0.999877 -0.0110797 -0.0110812 31.4745 0.0110781 0.999939 -0.000202441 -0.0114089 0.0110828 7.96571e-05 0.999939 1.19437
0.999332 -0.00455898 -0.036269 32.102 0.00439081 0.999979 -0.00471513 -0.0351384 0.0362897 0.00455273 0.999331 1.34813
0.999667 -0.00795945 -0.024562 33.0234 0.00785295 0.999959 -0.00442923 0.00320687 0.0245962 0.00423487 0.999689 1.32156
0.999222 0.0358551 -0.0164453 33.5885 -0.0359004 0.999352 -0.00246292 -0.204737 0.0163463 0.00305139 0.999862 1.30479
0.995735 0.0921 0.00538553 34.6868 -0.0920871 0.995748 -0.00259557 -0.517179 -0.00560168 0.00208856 0.999982 1.22125
0.992865 0.0958055 0.0709918 35.3997 -0.0945524 0.995302 -0.0208138 -0.543329 -0.0726524 0.0139529 0.99726 0.892762
0.992333 0.0794348 0.0946897 36.3348 -0.0774433 0.996695 -0.0245309 -0.531192 -0.0963254 0.0170097 0.995205 0.741361
0.996372 0.017826 0.0832146 37.3537 -0.0158488 0.999578 -0.0243602 -0.266146 -0.0836136 0.022953 0.996234 0.753313
0.988467 0.106712 0.107453 38.0811 -0.106733 0.994272 -0.00557041 -0.750419 -0.107432 -0.00596265 0.994195 0.604977
0.988517 0.126168 0.08316 38.9619 -0.126872 0.991914 0.00321473 -0.94373 -0.0820819 -0.0137285 0.996531 0.663278
0.992561 0.109557 0.0530981 40.1048 -0.109862 0.993943 0.00286244 -0.982468 -0.0524629 -0.00867463 0.998585 0.735273
0.99898 0.0233281 0.0386604 41.1418 -0.0229858 0.999693 -0.00927438 -0.629209 -0.0388648 0.00837628 0.999209 0.730345
0.999808 -0.0027885 0.0194146 42.1673 0.00295072 0.999961 -0.00833179 -0.531582 -0.0193906 0.00838748 0.999777 0.788162
0.998815 -0.0479211 -0.00848307 42.9341 0.0478525 0.998821 -0.00811217 -0.315541 0.00886182 0.00769662 0.999931 0.908045
0.996283 -0.0562169 -0.065267 43.7327 0.0553187 0.998349 -0.0154905 -0.290503 0.0660301 0.0118224 0.997748 1.19315
0.991607 -0.102783 -0.0784274 44.8743 0.102491 0.994704 -0.00774514 -0.0219478 0.0788081 -0.000357954 0.99689 1.28048
0.987748 -0.140295 -0.0683517 45.555 0.140947 0.990006 0.00478832 0.182094 0.0669968 -0.0143636 0.99765 1.19781
0.984356 -0.173884 -0.0284375 46.5785 0.17467 0.984229 0.0279899 0.457175 0.023122 -0.0325192 0.999204 0.98386
0.989865 -0.137249 -0.0364822 47.4414 0.137376 0.990518 0.000991419 0.283493 0.0360002 -0.00599315 0.999334 1.04622
0.993744 -0.110191 -0.0181784 48.4413 0.110255 0.9939 0.00254538 0.251005 0.017787 -0.00453371 0.999831 0.97946
0.998111 -0.0423172 -0.04454 49.4893 0.0417234 0.999029 -0.0141778 -0.0563843 0.0450967 0.0122927 0.998907 1.15874
0.999772 -0.0100797 -0.0188374 50.7042 0.00993518 0.999921 -0.00774852 -0.111912 0.018914 0.0075596 0.999793 1.05923
0.999559 -0.0286285 0.00795286 51.7928 0.0286826 0.999566 -0.00677682 0.0677575 -0.0077554 0.00700194 0.999945 0.937528
0.998543 -0.0261708 0.0471873 52.8633 0.026621 0.999606 -0.0089388 0.137583 -0.0469347 0.0101819 0.998846 0.728937
0.998135 0.0548689 0.0267561 53.5688 -0.055137 0.998435 0.0093865 -0.256869 -0.0261992 -0.0108442 0.999598 0.853525
0.99538 0.080585 0.0521902 54.378 -0.0807694 0.996732 0.00143081 -0.362751 -0.0519043 -0.00563957 0.998636 0.720606
0.997359 0.06754 -0.0267079 55.4049 -0.0667898 0.997373 0.0280511 -0.287716 0.0285323 -0.0261932 0.99925 1.16911
0.999842 0.000169917 0.0177885 56.4804 -7.70533e-05 0.999986 -0.005221 0.0660693 -0.0177891 0.0052188 0.999828 0.897069
0.999076 0.0418728 0.00966268 57.37 -0.041892 0.999121 0.00179566 -0.130321 -0.00957899 -0.00219879 0.999952 0.946385
0.994425 0.101626 0.0281336 58.3999 -0.101632 0.994821 -0.00119342 -0.508152 -0.0281092 -0.00167252 0.999603 0.826401
0.993008 0.1154 -0.0248629 59.3875 -0.115169 0.99329 0.0105482 -0.639161 0.0259133 -0.00761103 0.999635 1.11842
0.995494 0.0779356 -0.0540158 60.394 -0.0772111 0.996896 0.0153739 -0.48982 0.0550463 -0.011134 0.998422 1.29228
0.998743 0.0248628 -0.0435139 61.512 -0.0242483 0.999599 0.0145939 -0.275134 0.0438593 -0.0135204 0.998946 1.25485
0.999992 -0.00274213 -0.00291289 62.7083 0.00277477 0.999933 0.0112604 -0.168481 0.00288182 -0.0112684 0.999932 1.04269
0.999113 -0.0397068 0.0140153 63.3951 0.039548 0.999152 0.0114345 0.0124739 -0.0144574 -0.0108701 0.999836 0.924386
0.999318 -0.0369326 -0.000584085 64.8361 0.0369343 0.999312 0.00331497 -7.3442e-05 0.000461253 -0.00333428 0.999994 1.02305
0.998763 0.000956372 -0.0497161 65.5496 -0.0015552 0.999927 -0.0120077 -0.277829 0.049701 0.0120702 0.998691 1.31448
0.999004 -0.0190738 -0.0403314 66.1422 0.0188285 0.999802 -0.00645103 -0.20321 0.0404465 0.00568523 0.999166 1.27797
0.999718 -0.00523847 0.0231541 67.4727 0.00509244 0.999967 0.00636112 -0.263472 -0.0231867 -0.00624141 0.999712 0.949418
0.996407 -0.0322486 0.07831 68.3907 0.0314533 0.999441 0.0113685 -0.116325 -0.0786328 -0.0088646 0.996864 0.628405
0.996714 -0.0702626 0.0403137 69.5418 0.0702777 0.997527 0.00104422 0.127251 -0.0402874 0.00179237 0.999187 0.819289
0.999568 -0.00826209 0.0281893 70.8324 0.00803266 0.999934 0.0082424 -0.188803 -0.0282556 -0.0080124 0.999569 0.858575
0.998041 0.00519763 0.0623445 71.6738 -0.00576833 0.999943 0.00897751 -0.261863 -0.0622943 -0.00931954 0.998014 0.653929
0.999228 -0.0113382 0.0376095 72.8082 0.0112221 0.999932 0.00329535 -0.158549 -0.0376443 -0.00287075 0.999287 0.756338
0.999786 -0.0198027 -0.00600022 73.4945 0.0198122 0.999803 0.00153935 -0.0880853 0.00596855 -0.0016579 0.999981 1.0035
0.997253 0.0524542 0.0522973 74.4432 -0.0525861 0.998616 0.00114746 -0.485561 -0.0521647 -0.00389442 0.998631 0.649469
0.997905 0.0445695 0.0468916 75.6168 -0.0446319 0.999003 0.000284139 -0.457398 -0.0468322 -0.00237641 0.9989 0.626497
0.997432 0.0498742 0.0513952 76.6685 -0.049876 0.998755 -0.00124701 -0.507282 -0.0513934 -0.00131958 0.998678 0.549209
0.998532 -0.00501292 0.0539238 77.6795 0.00516052 0.999983 -0.00259834 -0.193519 -0.0539098 0.0028728 0.998542 0.481671
0.999315 -0.036741 -0.0043244 78.5442 0.0367544 0.99932 0.0030599 -0.0075699 0.00420903 -0.00321674 0.999986 0.773207
0.999892 0.00307302 -0.0143576 79.8339 -0.00305458 0.999994 0.00130585 -0.234056 0.0143616 -0.00126185 0.999896 0.793397
0.998333 0.0447795 -0.036428 80.7631 -0.0448517 0.998993 -0.00116728 -0.491184 0.0363391 0.00279919 0.999336 0.899736
0.996808 0.0665934 -0.0440447 81.6269 -0.0667196 0.997771 -0.00139994 -0.646137 0.0438532 0.00433411 0.999029 0.935375
0.995865 0.0467065 -0.0779202 82.5794 -0.0464338 0.998907 0.00530911 -0.571124 0.0780831 -0.00166902 0.996945 1.12896
0.996408 -0.0132947 -0.0836315 83.6592 0.01458 0.999785 0.0147767 -0.260365 0.083417 -0.0159429 0.996387 1.20621
0.998101 -0.0252918 -0.0561745 84.8261 0.0259839 0.999595 0.0116242 -0.206905 0.0558577 -0.0130617 0.998353 1.10547
0.995703 -0.0717878 -0.058502 85.7677 0.0727542 0.997244 0.0145588 0.0658407 0.0572956 -0.0187525 0.998181 1.13127
0.994453 -0.098738 -0.0362469 86.5621 0.0993394 0.994938 0.0151789 0.233858 0.0345646 -0.0186955 0.999228 1.03514
0.993835 -0.108254 -0.0239356 87.4623 0.10855 0.994025 0.0114242 0.311747 0.0225558 -0.013952 0.999648 0.995923
0.990227 -0.136862 0.026805 88.3294 0.136265 0.990406 0.022961 0.522689 -0.0296903 -0.019084 0.999377 0.737097
0.995241 -0.0948943 0.0221537 89.2366 0.0945518 0.995391 0.0160264 0.347425 -0.0235724 -0.0138554 0.999626 0.800893
0.99957 -0.00929354 0.0278112 90.6926 0.00863248 0.99968 0.0237957 -0.000303537 -0.0280235 -0.0235454 0.99933 0.770419
0.999421 -0.0335578 0.00561161 91.531 0.0335285 0.999424 0.00524265 0.180124 -0.00578431 -0.00505147 0.99997 0.923985
0.998175 -0.025668 -0.0546542 92.8206 0.0255597 0.99967 -0.00268036 0.212301 0.0547049 0.00127852 0.998502 1.28022
0.998529 0.0334484 -0.0426619 93.7314 -0.0334526 0.99944 0.000616064 -0.0757665 0.0426586 0.000811995 0.999089 1.26239
0.990696 0.08925 -0.102746 94.6244 -0.0885551 0.996007 0.0113142 -0.36962 0.103345 -0.00211031 0.994643 1.64373
0.994515 0.102008 -0.0231308 95.6301 -0.10249 0.994519 -0.0206998 -0.45397 0.0208924 0.0229569 0.999518 1.22732
0.997685 0.053269 0.0422648 96.7433 -0.0519683 0.998158 -0.0313006 -0.218142 -0.0438543 0.0290317 0.998616 0.886865
0.998788 0.0372506 0.0321699 97.6963 -0.0367995 0.999217 -0.0145012 -0.108217 -0.0326849 0.0132998 0.999377 0.93687
0.997647 0.0682413 0.00663036 98.7565 -0.0682333 0.997668 -0.00143047 -0.320891 -0.00671252 0.000974695 0.999977 1.09102
0.999891 0.0138483 -0.00518603 99.5997 -0.013843 0.999904 0.00106631 -0.0263136 0.00520029 -0.000994403 0.999986 1.17875
0.999763 -0.0207815 -0.0064962 100.545 0.0207804 0.999784 -0.000242985 0.159105 0.00649985 0.000107934 0.999979 1.20443
0.99914 0.0143249 0.0389001 101.676 -0.0144835 0.999888 0.00379818 -0.0685655 -0.0388413 -0.00435833 0.999236 0.941716
0.99754 0.010175 0.0693619 102.604 -0.0105471 0.999932 0.00499962 -0.0794125 -0.0693063 -0.00571889 0.997579 0.751727
0.996719 0.0486972 0.0646454 103.683 -0.0491544 0.998776 0.00550005 -0.342421 -0.0642985 -0.00865961 0.997893 0.747123
0.996879 0.0289838 0.0734297 104.62 -0.029138 0.999575 0.00102897 -0.267025 -0.0733687 -0.00316535 0.9973 0.657729
0.999001 -0.00309493 0.0445709 105.62 0.00340666 0.99997 -0.00691981 -0.114563 -0.0445482 0.00706474 0.998982 0.78172
0.99894 -0.0133533 0.0440447 106.25 0.0136253 0.99989 -0.00588139 -0.0753053 -0.0439613 0.00647528 0.999012 0.777458
0.998314 0.0338883 0.0471306 107.235 -0.0339633 0.999423 0.00079238 -0.360542 -0.0470765 -0.00239175 0.998888 0.701604
0.99999 0.00438896 -0.000242725 108.546 -0.0043891 0.99999 -0.000543753 -0.223996 0.000240336 0.000544814 1 0.902264
0.997474 0.035035 -0.0617836 109.267 -0.0350137 0.999386 0.00142712 -0.412715 0.0617956 0.000739755 0.998089 1.22705
0.995746 0.0427332 -0.0816268 110.421 -0.0426373 0.999086 0.00291895 -0.491535 0.0816769 0.000573811 0.996659 1.34699
0.996719 0.0668749 -0.0455956 111.742 -0.0671623 0.997731 -0.00479851 -0.684445 0.0451712 0.00784507 0.998948 1.18808
0.997614 0.0384423 -0.0573415 112.699 -0.038141 0.999252 0.00633926 -0.562957 0.0575423 -0.00413707 0.998334 1.26121
0.999603 0.0221095 -0.0174527 113.924 -0.0220358 0.999748 0.00440252 -0.514494 0.0175456 -0.00401619 0.999838 1.0638
0.997323 0.0321407 -0.0656829 114.574 -0.0317277 0.99947 0.00732173 -0.583567 0.0658834 -0.00521816 0.997814 1.3297
0.998213 0.0205163 -0.0561289 115.48 -0.0201414 0.999771 0.00723699 -0.549501 0.0562645 -0.00609354 0.998397 1.31055
0.998665 0.0359334 -0.0371062 116.774 -0.0358117 0.999351 0.00394047 -0.685547 0.0372237 -0.00260638 0.999304 1.26906
0.999143 -0.035805 0.020787 117.6 0.0356783 0.999343 0.00643306 -0.304733 -0.0210037 -0.0056859 0.999763 0.966324
0.999491 -0.0223467 0.022777 118.642 0.0222112 0.999734 0.00618379 -0.393039 -0.0229092 -0.00567474 0.999721 0.977836
0.998986 -0.0303303 0.0332724 119.52 0.0301695 0.999531 0.00532592 -0.362403 -0.0334183 -0.00431671 0.999432 0.941451
0.999044 -0.0391622 0.0194475 120.497 0.0391509 0.999233 0.000961482 -0.307225 -0.0194703 -0.000199175 0.99981 1.02912
0.996767 -0.0792216 0.0134167 121.873 0.0793198 0.996825 -0.00694834 -0.0399153 -0.0128236 0.00799008 0.999886 1.05492
0.998665 -0.0482305 0.0184877 122.865 0.0482017 0.998836 0.00199975 -0.188735 -0.0185627 -0.00110595 0.999827 1.0282
0.999683 -0.00634908 0.0243709 124.086 0.00615823 0.99995 0.00789824 -0.391114 -0.0244198 -0.00774565 0.999672 0.982974
0.999226 -0.0291822 0.0263865 125.032 0.0290934 0.99957 0.00374242 -0.256601 -0.0264844 -0.00297185 0.999645 0.967776
0.999665 -0.00638731 -0.0250744 126.106 0.00639045 0.99998 4.51261e-05 -0.351961 0.0250736 -0.000205347 0.999686 1.24546
0.997359 -0.0197319 -0.0698983 127.143 0.019716 0.999805 -0.000917703 -0.254904 0.0699028 -0.000462834 0.997554 1.52182
0.997304 -0.0723422 -0.0122783 128 0.072376 0.997375 0.00233123 0.0828013 0.0120774 -0.00321359 0.999922 1.2046
0.998101 -0.0455555 0.0414652 129.134 0.0456654 0.998955 -0.00170599 -0.0123885 -0.0413441 0.00359627 0.999138 0.900349
0.999159 -0.0253833 0.0322104 130.079 0.025519 0.999667 -0.00381022 -0.0886277 -0.032103 0.00462899 0.999474 0.923562
0.999712 -0.00735748 -0.0228575 130.925 0.00724514 0.999961 -0.0049941 -0.161259 0.0228934 0.00482705 0.999726 1.23618
0.997447 -0.06675 0.0253588 132.187 0.0668236 0.997763 -0.002062 0.230171 -0.0251645 0.0037513 0.999676 0.957489
0.996274 -0.0572091 0.0645372 133.087 0.0572684 0.998358 0.000931642 0.226069 -0.0644845 0.00276777 0.997915 0.712477
0.995669 -0.0572322 0.0732659 134.08 0.0572447 0.998358 0.00193165 0.28049 -0.0732561 0.0022708 0.997311 0.628304
0.995287 -0.0732097 0.063594 135.08 0.0734172 0.997301 -0.000930053 0.430372 -0.0633543 0.00559457 0.997975 0.651112
0.997875 -0.0238332 0.0606475 135.918 0.0234575 0.999701 0.0068984 0.193292 -0.0607938 -0.0054611 0.998135 0.628743
0.999739 -0.021262 -0.00841762 136.791 0.0212589 0.999774 -0.000452986 0.216658 0.00842535 0.000273918 0.999964 0.99994
0.99713 -0.0619594 -0.0434971 137.683 0.0617024 0.998068 -0.00722843 0.495921 0.043861 0.00452382 0.999027 1.18061
0.999729 -0.0228565 0.00453113 138.687 0.0228753 0.99973 -0.00415426 0.333489 -0.00443495 0.00425679 0.999981 0.886753
0.998436 -0.0212765 -0.0517017 139.703 0.0210912 0.999769 -0.00412766 0.373614 0.0517776 0.00303076 0.998654 1.18358
0.998059 0.0306987 -0.0541752 140.686 -0.031288 0.99946 -0.0100642 0.117344 0.053837 0.0117397 0.998481 1.20318
0.997961 0.0128447 -0.0625265 141.428 -0.0130345 0.999912 -0.00262973 0.243695 0.0624872 0.00343937 0.99804 1.24046
0.998624 -0.0105515 -0.0513657 142.542 0.0106538 0.999942 0.0017183 0.394482 0.0513446 -0.00226318 0.998678 1.21942
0.997397 0.0411066 -0.0592335 143.471 -0.0416006 0.999109 -0.00712998 0.118291 0.0588876 0.00957557 0.998219 1.29674
0.996153 0.082096 -0.0306478 144.549 -0.0825816 0.996472 -0.0149308 -0.121639 0.0293139 0.0174043 0.999419 1.1734
0.992907 0.117926 0.015171 145.421 -0.117556 0.992793 -0.023281 -0.350537 -0.0178071 0.0213324 0.999614 0.938245
0.991975 0.122021 0.0331011 146.617 -0.121337 0.992369 -0.0219374 -0.462756 -0.0355253 0.0177449 0.999211 0.853124
0.994008 0.108394 0.0140742 147.892 -0.10824 0.994061 -0.0112914 -0.498668 -0.0152146 0.00970033 0.999837 0.964351
0.993207 0.116361 -0.00091094 148.803 -0.116362 0.993204 -0.0022433 -0.617149 0.000643718 0.00233406 0.999997 1.07007
0.99702 0.0741216 0.0213722 150.013 -0.0738312 0.997171 -0.0140734 -0.484618 -0.0223549 0.0124535 0.999673 0.954836
0.996849 0.00750767 0.0789624 150.775 -0.00541435 0.999629 -0.0266911 -0.239422 -0.0791335 0.0261794 0.99652 0.627983
0.996914 -0.0431333 0.0655829 151.684 0.0446791 0.998753 -0.022288 -0.103621 -0.0645397 0.0251494 0.997598 0.677843
0.999017 -0.0115368 0.0428107 153.036 0.0120496 0.999858 -0.0117378 -0.421782 -0.0426692 0.0122421 0.999014 0.74048
0.993519 -0.106845 0.0387881 153.944 0.107669 0.993989 -0.0198219 0.0386019 -0.0364371 0.0238697 0.999051 0.744293
0.978947 -0.189058 0.0769405 155.034 0.189407 0.981895 0.00281227 0.473687 -0.0760791 0.01182 0.997032 0.471497
0.974426 -0.201837 0.0987758 156.02 0.200779 0.979419 0.020646 0.569794 -0.10091 -0.000285893 0.994896 0.260685
0.982324 -0.180326 0.050214 157.015 0.181251 0.98333 -0.0144832 0.506954 -0.0467653 0.0233286 0.998633 0.511508
0.990348 -0.135461 -0.0293503 158.303 0.133615 0.989352 -0.0576975 0.31956 0.0368535 0.0532189 0.997903 0.962297
0.97564 -0.21475 -0.0448205 158.926 0.212743 0.976043 -0.0456188 0.847259 0.0535434 0.0349722 0.997953 1.02293
0.963472 -0.247562 -0.102153 159.913 0.242371 0.968287 -0.0606294 1.17942 0.113923 0.0336557 0.992919 1.37002
0.949987 -0.281397 -0.135427 160.906 0.275824 0.959415 -0.058682 1.59763 0.146444 0.018393 0.989048 1.59346
0.959812 -0.253519 -0.12037 161.78 0.24843 0.967041 -0.0558043 1.61434 0.13055 0.0236581 0.991159 1.51377
0.96252 -0.239957 -0.126398 162.759 0.234549 0.970474 -0.0562798 1.73946 0.136171 0.0245238 0.990382 1.5725
0.98397 -0.170316 -0.0528771 163.734 0.167968 0.984715 -0.0460855 1.57771 0.0599179 0.036465 0.997537 1.205
0.970187 -0.239818 -0.0349848 164.463 0.239794 0.970811 -0.00492781 2.21281 0.0351454 -0.00360826 0.999376 1.10121
0.964587 -0.258416 -0.0528549 165.402 0.258664 0.965965 -0.0022119 2.60281 0.0516276 -0.0115381 0.9986 1.29296
0.942922 -0.32945 -0.0485955 166.239 0.329804 0.944049 -0.000762273 3.31542 0.0461277 -0.0153083 0.998818 1.35373
0.932601 -0.357468 -0.0497263 167.294 0.357801 0.933795 -0.00233123 3.86992 0.0472675 -0.015618 0.99876 1.45167
0.942354 -0.330505 -0.0523026 168.024 0.331078 0.9436 0.00244933 3.96784 0.0485433 -0.0196244 0.998628 1.53553
0.933068 -0.35576 -0.0530921 169.174 0.355945 0.934486 -0.00624655 4.59801 0.0518361 -0.0130694 0.99857 1.63912
0.892549 -0.448668 -0.0453052 169.936 0.448207 0.893696 -0.0204467 5.54381 0.0496629 -0.00205646 0.998764 1.71108
0.88823 -0.459394 0.00233683 170.555 0.459177 0.887946 0.026606 5.90172 -0.0142976 -0.0225592 0.999643 1.39907
0.899802 -0.436117 -0.0125482 171.649 0.436171 0.899862 0.00173524 6.30457 0.0105349 -0.00703453 0.99992 1.5945
0.872459 -0.484421 0.0644322 172.419 0.479426 0.873999 0.0792202 7.07868 -0.0946896 -0.0382259 0.994773 1.00872
0.852198 -0.514086 0.0973412 173.08 0.506201 0.857148 0.0951712 7.67274 -0.132362 -0.0318304 0.99069 0.786462
0.884111 -0.462975 0.0632692 174.102 0.460135 0.886163 0.054697 7.88726 -0.0813901 -0.0192458 0.996496 1.0931
0.862557 -0.502772 0.0567151 174.926 0.502025 0.864407 0.0277687 8.79035 -0.0629863 0.00452034 0.998004 1.12847
0.853735 -0.514225 0.0819068 175.781 0.511548 0.85765 0.0524913 9.44881 -0.0972397 -0.00291443 0.995257 0.886912
0.84811 -0.518173 0.110479 176.342 0.512347 0.855222 0.0780794 9.8825 -0.134943 -0.00961619 0.990807 0.620031
0.849302 -0.51827 0.10041 177.152 0.514011 0.855203 0.066487 10.4987 -0.120329 -0.00485557 0.992722 0.616777
0.841067 -0.53345 0.0896538 178.076 0.53071 0.845829 0.0540414 11.3508 -0.10466 0.00212769 0.994506 0.580961
0.808674 -0.584692 0.0646616 178.565 0.584341 0.811085 0.0261973 12.2261 -0.0677634 0.0165994 0.997563 0.709721
0.781293 -0.622822 0.0409229 179.105 0.623129 0.782094 0.0063291 13.0708 -0.0359474 0.0205553 0.999142 0.801051
0.770439 -0.637511 -0.00199083 179.737 0.637053 0.769997 -0.0356044 13.789 0.0242311 0.0261627 0.999364 1.07393
0.748215 -0.663234 -0.0171571 180.239 0.662456 0.748257 -0.0355557 14.5801 0.0364196 0.0152375 0.99922 1.06877
0.701048 -0.712139 -0.037271 180.525 0.711364 0.702031 -0.0333654 15.4318 0.0499263 -0.00312249 0.998748 1.06503
0.711815 -0.702005 -0.0225712 181.385 0.701766 0.712167 -0.0185039 16.3094 0.0290642 -0.00266836 0.999574 0.931096
0.702697 -0.710276 -0.0415246 181.792 0.707912 0.703817 -0.0591778 16.8509 0.0712584 0.0121883 0.997383 1.14504
0.675914 -0.735513 -0.0464897 182.032 0.734711 0.677437 -0.0357591 17.5392 0.0577951 -0.00998639 0.998278 1.03575
0.662643 -0.747201 -0.0509465 182.5 0.745922 0.664544 -0.0445176 18.3745 0.0671198 -0.0085028 0.997709 1.11647
0.711961 -0.701786 -0.0246549 183.663 0.701638 0.712362 -0.0156662 19.2991 0.0285575 -0.00614502 0.999573 0.919746
0.692131 -0.721771 -0.000756949 184.27 0.721582 0.691924 0.0236649 20.5317 -0.0165569 -0.0169254 0.99972 0.704407
0.69984 -0.714202 0.0117826 184.787 0.713605 0.699792 0.0325533 21.2339 -0.031495 -0.014374 0.999401 0.646015
0.696595 -0.717196 0.0196496 185.466 0.716527 0.696823 0.0320332 22.3203 -0.0366664 -0.00823467 0.999294 0.623903
0.648617 -0.760681 0.0257091 185.741 0.760653 0.64903 0.0129378 23.4654 -0.0265276 0.011164 0.999586 0.690175
0.667313 -0.744749 -0.00643562 186.418 0.744517 0.667284 -0.0206448 24.3372 0.0196696 0.00898511 0.999766 0.959109
0.679535 -0.733566 0.0106071 186.943 0.733572 0.6796 0.00406034 25.0622 -0.0101871 0.00502192 0.999936 0.818044
0.650657 -0.759019 0.0231432 187.181 0.759036 0.650973 0.00988245 25.9478 -0.0225666 0.0111364 0.999683 0.749433
0.664527 -0.747258 -0.00320428 187.636 0.746901 0.664331 -0.0283554 26.6026 0.0233175 0.0164497 0.999593 1.01946
0.588766 -0.808246 -0.00967587 187.499 0.807679 0.58874 -0.0322439 27.5726 0.0317576 0.0111691 0.999433 1.05845
0.491829 -0.870564 -0.0149288 187.359 0.870287 0.492051 -0.0220439 28.7897 0.0265364 -0.00215051 0.999646 1.02353
0.464814 -0.884799 -0.0328383 187.587 0.879308 0.46564 -0.0999853 29.6646 0.103758 0.0175996 0.994447 1.49757
0.441555 -0.896392 -0.0388779 187.782 0.893937 0.44323 -0.0665075 30.5439 0.0768486 -0.00538775 0.997028 1.30717
0.436715 -0.898919 -0.0349928 188.169 0.896809 0.438092 -0.0617151 31.6681 0.070807 -0.00442997 0.99748 1.3107
0.45123 -0.891909 -0.0298344 188.625 0.887353 0.451977 -0.0912208 32.8167 0.0948451 0.0146879 0.995384 1.56103
0.414794 -0.908961 -0.0416665 188.689 0.907102 0.416676 -0.0595583 33.8495 0.0714976 -0.0130913 0.997355 1.4228
0.359077 -0.932324 -0.0428436 188.638 0.932902 0.359896 -0.0129934 35.1214 0.0275333 -0.0353033 0.998997 1.21551
0.366004 -0.930137 -0.0297661 188.818 0.930387 0.366433 -0.0103356 35.702 0.0205208 -0.0239111 0.999503 1.22579
0.316229 -0.948578 -0.0141116 188.686 0.947438 0.315017 0.0559098 36.6583 -0.0485894 -0.0310501 0.998336 0.870697
0.297865 -0.954607 0.0013822 188.714 0.950972 0.296857 0.0867698 37.7228 -0.0832414 -0.0245313 0.996227 0.722749
0.271334 -0.962246 0.0214752 188.564 0.95637 0.272054 0.106506 38.7882 -0.108327 -0.00836033 0.99408 0.621595
0.254777 -0.966311 0.0364933 188.422 0.959412 0.257316 0.115401 39.794 -0.120904 0.00561045 0.992648 0.59057
0.246226 -0.968372 0.0403541 188.341 0.962426 0.249208 0.107845 40.8123 -0.11449 0.0122837 0.993348 0.593351
0.209703 -0.976283 0.0538114 188.07 0.964916 0.215527 0.149948 41.6092 -0.15799 0.0204788 0.987228 0.379184
0.237359 -0.970466 0.0430848 188.167 0.969412 0.239486 0.0537225 42.8054 -0.0624541 0.0290154 0.997626 0.84294
0.240208 -0.970285 0.0291084 188.122 0.970709 0.239947 -0.012208 43.9243 0.00486072 0.0311882 0.999502 1.12668
0.345088 -0.938464 0.0141267 188.718 0.938218 0.344506 -0.0326013 45.1949 0.0257284 0.0245042 0.999369 1.16437
0.357773 -0.933793 0.00543431 188.727 0.9338 0.357739 -0.00633917 45.9365 0.00397541 0.00734255 0.999965 0.962756
0.381151 -0.924436 -0.0119265 188.782 0.923662 0.381321 -0.037973 46.7014 0.0396514 0.00345742 0.999208 1.09726
0.410016 -0.911649 -0.0279755 188.9 0.90961 0.410969 -0.060942 47.6715 0.0670548 -0.000459596 0.997749 1.21933
0.403238 -0.91398 -0.0451527 188.867 0.911585 0.40552 -0.0675803 48.738 0.0800774 -0.0139096 0.996692 1.29267
0.431644 -0.901469 -0.0322027 189.012 0.900782 0.432653 -0.0374641 49.8137 0.0477053 -0.0128365 0.998779 1.13224
0.482351 -0.875962 -0.00537899 189.321 0.875977 0.482352 0.00121507 50.6849 0.00153021 -0.00529796 0.999985 0.919801
0.47003 -0.882403 0.0208847 189.226 0.880429 0.470393 0.0597945 51.4988 -0.0625869 -0.00971773 0.997992 0.567339
0.484239 -0.874927 0.00405133 189.222 0.874612 0.48418 0.0249736 52.1328 -0.0238116 -0.00854983 0.99968 0.758507
0.4467 -0.894643 0.00855178 189.11 0.89449 0.446781 0.0165271 53.2298 -0.0186066 0.000266848 0.999827 0.781057
0.423834 -0.905722 -0.00562951 189.114 0.904967 0.423721 -0.0386707 54.5234 0.0374103 0.0112954 0.999236 1.0531
0.360138 -0.932893 -0.00326906 188.868 0.930802 0.359561 -0.0657602 55.6379 0.0625227 0.0206399 0.99783 1.2069
0.319401 -0.947619 -0.000738294 188.711 0.945346 0.318688 -0.0689894 56.7474 0.065611 0.0213373 0.997617 1.26101
0.293426 -0.955979 -0.00243226 188.598 0.952954 0.292698 -0.0787793 57.7806 0.0760233 0.0207981 0.996889 1.35213
0.25493 -0.966935 -0.00694881 188.384 0.966329 0.255016 -0.0342818 58.5718 0.0349203 0.00202461 0.999388 1.13566
0.258993 -0.965879 6.78938e-05 188.429 0.965273 0.258829 -0.0354311 59.9879 0.0342046 0.00924195 0.999372 1.19719
0.286691 -0.95802 0.00260705 188.616 0.957863 0.286592 -0.019073 60.8858 0.0175251 0.00796524 0.999815 1.11891
0.300445 -0.953787 0.00476199 188.706 0.953798 0.300447 -0.000367106 61.9371 -0.00108058 0.00465227 0.999989 1.04204
0.338494 -0.940918 0.00977981 188.942 0.939582 0.338541 0.0507514 62.7782 -0.0510637 -0.0079901 0.998663 0.758349
0.325197 -0.945479 0.0177645 188.85 0.945246 0.325549 0.0229739 63.8053 -0.0275046 0.0093208 0.999578 0.923456
0.303489 -0.952677 0.0173723 188.744 0.952834 0.303417 -0.00667331 65.1105 0.00108645 0.0185782 0.999827 1.08975
0.341964 -0.939568 0.016491 188.977 0.939248 0.342294 0.0254532 66.168 -0.0295598 0.00678504 0.99954 0.912425
0.339622 -0.940494 0.0112996 188.959 0.940562 0.339596 -0.00416147 67.0626 7.6548e-05 0.0120413 0.999928 1.08669
0.405213 -0.914136 0.0125637 189.3 0.913922 0.405394 0.0200488 67.7348 -0.0234205 0.00335819 0.99972 0.960016
0.402116 -0.915434 0.0168115 189.287 0.914969 0.402452 0.0294095 68.7527 -0.0336883 0.00355598 0.999426 0.897534
0.375914 -0.926614 0.00866122 189.163 0.926607 0.375973 0.00660935 69.8872 -0.0093807 0.005541 0.999941 1.01563
0.309223 -0.950971 -0.0059318 188.834 0.950472 0.309254 -0.031076 71.1134 0.0313869 0.0039714 0.999499 1.21665
0.285251 -0.958453 0.000822485 188.675 0.958397 0.285243 0.0105885 71.917 -0.0103832 -0.00223212 0.999944 0.985231
0.344662 -0.938721 -0.00331019 189 0.938452 0.344644 -0.0229903 72.8399 0.0227223 0.00481744 0.99973 1.16605
0.339899 -0.940433 -0.00736214 188.998 0.940301 0.339976 -0.0158589 74.1129 0.0174172 -0.0015322 0.999847 1.13777
0.342769 -0.939332 -0.0128597 189.006 0.938783 0.343008 -0.0321138 74.9871 0.0345765 -0.00106492 0.999402 1.22724
0.344679 -0.938428 -0.0234352 188.989 0.935852 0.345468 -0.0695148 75.8333 0.0733308 0.00202835 0.997306 1.43979
0.341897 -0.939368 -0.0263378 188.976 0.937982 0.342837 -0.0514969 76.9175 0.0574042 -0.00709778 0.998326 1.37695
0.286714 -0.957239 -0.0385907 188.653 0.953659 0.289015 -0.0836922 77.9368 0.0912667 -0.0128067 0.995744 1.57146
0.300691 -0.953332 -0.0272631 188.686 0.953598 0.300989 -0.0074662 78.7399 0.0153237 -0.023753 0.9996 1.17312
0.266016 -0.963759 -0.0200985 188.478 0.96393 0.266135 -0.00342118 79.8973 0.0086461 -0.0184634 0.999792 1.19224
0.275856 -0.961121 -0.0122197 188.509 0.961187 0.275766 0.00858014 81.0638 -0.00487677 -0.0141123 0.999889 1.15878
0.30276 -0.953049 -0.00590351 188.621 0.952874 0.302568 0.0219943 81.7779 -0.0191754 -0.0122843 0.999741 1.1099
0.307034 -0.951698 0.0011738 188.587 0.951619 0.307024 0.0125424 82.6328 -0.0122969 -0.00273392 0.999921 1.18316
0.293669 -0.955882 0.00696768 188.449 0.955843 0.293726 0.00940003 83.5952 -0.0110319 0.00389951 0.999932 1.20916
0.276214 -0.960957 0.0163602 188.329 0.95896 0.276695 0.0619347 84.898 -0.0640434 -0.00141846 0.997946 0.90708
0.315519 -0.94874 0.0184446 188.505 0.946695 0.31605 0.0622953 85.8849 -0.0649315 -0.00219388 0.997887 0.901818
0.329583 -0.943922 0.0196567 188.544 0.942727 0.330157 0.047558 86.8046 -0.0513808 0.00285664 0.998675 0.964459
0.405077 -0.914223 0.0103958 188.955 0.913798 0.405207 0.0279555 87.7836 -0.02977 -0.00182452 0.999555 1.05581
0.438218 -0.898595 0.0221774 189.185 0.896377 0.438706 0.0636008 88.9656 -0.0668807 -0.00799174 0.997729 0.813678
0.409766 -0.911867 0.0242936 189.061 0.910338 0.410485 0.0527904 89.9971 -0.05811 0.000483686 0.99831 0.826468
0.391529 -0.919774 0.026842 189.018 0.918112 0.392437 0.0553528 91.2416 -0.0614458 0.0029717 0.998106 0.76134
0.407424 -0.913203 0.0080973 189.083 0.913187 0.407479 0.00704168 91.9618 -0.00972997 0.0045254 0.999942 1.00248
0.39626 -0.918137 0.00154031 189.012 0.918137 0.396261 0.000577112 92.8488 -0.00114023 0.00118553 0.999999 1.02219
0.421203 -0.906922 -0.00902085 189.184 0.906622 0.421296 -0.0233664 93.8081 0.0249919 0.00166347 0.999686 1.13208
0.375485 -0.926817 -0.0044897 189.005 0.926579 0.375267 0.0250341 94.9673 -0.0215172 -0.01356 0.999677 0.862608
0.339613 -0.940532 -0.00784224 188.864 0.940423 0.339405 0.020219 96.1495 -0.0163549 -0.0142417 0.999765 0.857638
0.314397 -0.949255 -0.00835148 188.733 0.949188 0.314221 0.0175238 96.9549 -0.0140103 -0.0134366 0.999812 0.84685
0.273095 -0.96193 -0.0104293 188.516 0.961879 0.273211 -0.0120209 98.0206 0.0144127 -0.00674882 0.999873 0.984071
0.298767 -0.954265 -0.0108086 188.664 0.954219 0.298884 -0.0116377 98.842 0.014336 -0.00683677 0.999874 0.970546
0.315917 -0.948744 -0.00903986 188.764 0.947598 0.31503 0.0530403 99.7841 -0.0474739 -0.0253225 0.998551 0.595152
0.278184 -0.960525 0.00211774 188.557 0.960476 0.278191 0.00977507 101.079 -0.00997834 -0.000685233 0.99995 0.807708
0.280388 -0.959882 0.00310227 188.547 0.959224 0.280313 0.0362427 101.786 -0.0356583 -0.00718623 0.999338 0.654093
0.340461 -0.940258 0.000734536 188.871 0.940237 0.340448 -0.00704601 102.617 0.00637499 0.00308953 0.999975 0.897187
0.374129 -0.927372 -0.00288204 189.04 0.927301 0.374136 -0.0116056 103.619 0.011841 0.00166949 0.999928 0.90603
0.307946 -0.951373 -0.00771723 188.653 0.950449 0.30799 -0.0422993 104.66 0.0426193 0.00569108 0.999075 1.06015
0.262068 -0.964861 -0.0190769 188.368 0.961016 0.262727 -0.0861589 105.779 0.0881433 0.00424627 0.996099 1.3012
0.260979 -0.965082 -0.022496 188.353 0.960386 0.261927 -0.095151 106.939 0.0977209 0.00322757 0.995209 1.38384
0.323187 -0.946318 -0.00573692 188.681 0.945776 0.323199 -0.0323929 107.924 0.0325081 0.00504312 0.999459 1.04428
0.238625 -0.970945 -0.0180086 188.172 0.970636 0.239048 -0.0268678 108.875 0.0303921 -0.0110684 0.999477 1.02374
0.254391 -0.96706 -0.00894169 188.177 0.967081 0.254316 0.00878799 109.53 -0.0062245 -0.0108829 0.999921 0.835939
0.271474 -0.962438 -0.00379397 188.195 0.962108 0.271481 -0.025434 110.637 0.0255087 0.00325447 0.999669 1.05457
0.333892 -0.942611 0.000465866 188.516 0.942314 0.333799 0.0249586 111.874 -0.0236817 -0.00789448 0.999688 0.798862
0.375818 -0.926691 0.00215681 188.744 0.926649 0.375822 0.00891749 112.96 -0.00907433 -0.00135275 0.999958 0.904826
0.386144 -0.922373 0.0109589 188.787 0.922138 0.386294 0.020922 113.949 -0.0235313 0.00202672 0.999721 0.852271
0.423669 -0.905671 0.0162556 188.999 0.904992 0.42398 0.0350732 114.877 -0.0386569 -0.000148211 0.999253 0.773039
0.404972 -0.914293 0.00812868 188.846 0.914298 0.404869 -0.0118041 115.705 0.00750133 0.0122124 0.999897 1.03706
0.393725 -0.919228 0.00026992 188.761 0.918738 0.393506 -0.0327694 116.634 0.0300163 0.0131501 0.999463 1.15882
0.394751 -0.918707 -0.0122225 188.747 0.916935 0.394764 -0.0582346 117.452 0.0583255 0.0117809 0.998228 1.30731
0.376257 -0.926153 -0.0259178 188.688 0.922836 0.377106 -0.0785183 118.686 0.0824937 0.00562523 0.996576 1.45693
0.298034 -0.953399 -0.046959 188.29 0.946646 0.301527 -0.113764 119.677 0.122622 -0.010548 0.992397 1.67929
0.276828 -0.959614 -0.050071 188.177 0.954218 0.280667 -0.103413 120.739 0.113289 -0.0191512 0.993377 1.67732
0.269552 -0.96191 -0.0455022 188.137 0.96202 0.271096 -0.0320068 121.918 0.0431231 -0.0351465 0.998451 1.35549
0.295625 -0.954843 -0.029691 188.277 0.955135 0.296014 -0.00958957 122.645 0.0179455 -0.025524 0.999513 1.24456
0.307163 -0.95148 -0.0183369 188.333 0.951131 0.306295 0.0391657 123.708 -0.0316489 -0.029471 0.999064 1.00354
0.330415 -0.94383 -0.00343423 188.45 0.941975 0.329533 0.0639607 124.675 -0.0592363 -0.0243685 0.997947 0.896024
0.405505 -0.914093 0.00019437 188.914 0.912276 0.404713 0.062921 125.818 -0.0575943 -0.0253375 0.998019 0.912446
